0, 0, 12, 12, 4, 8, 8, 4, 안녕하세요. 반갑습니다.
0, 0, 12, 12, 4, 8, 8, 4, 안녕하세요. 반갑습니다.
561, 769, 868, 990, 653, 727, 763, 527, 누구세요.
742, 712, 982, 918, 322, 479, 489, 383, 안녕하세요. 반갑습니다. 반갑습니다. 반갑습니다.
1021, 990, 1298, 1271, 371, 516, 480, 340, 안녕하세요. 반갑습니다. 반갑습니다.
892, 836, 953, 1116, 629, 698, 745, 595, 안녕하세요. 반갑습니다. 반갑습니다. 반갑습니다.
988, 956, 1240, 1354, 440, 637, 567, 387, 안녕하세요. 반갑습니다. 반갑습니다.
688, 659, 935, 923, 439, 651, 564, 447, 누구세요.
776, 656, 1060, 855, 535, 646, 637, 525, 안녕하세요. 반갑습니다.
829, 853, 1242, 1030, 548, 660, 691, 438, 안녕하세요. 반갑습니다. 반갑습니다.
828, 860, 980, 1186, 490, 720, 686, 550, 안녕하세요. 반갑습니다. 반갑습니다. 반갑습니다.
915, 959, 1120, 1162, 593, 765, 677, 577, 안녕하세요. 반갑습니다.
553, 732, 991, 859, 333, 440, 503, 328, 안녕하세요. 반갑습니다. 반갑습니다. 반갑습니다.
667, 657, 1076, 920, 425, 633, 619, 418, 안녕하세요. 반갑습니다. 반갑습니다. 반갑습니다.
646, 771, 840, 943, 460, 605, 587, 431, 누구세요.
1138, 984, 1285, 1325, 399, 462, 524, 384, 안녕하세요. 반갑습니다.
689, 661, 871, 958, 551, 635, 681, 569, 누구세요.
798, 717, 1050, 900, 554, 717, 647, 575, 안녕하세요. 반갑습니다.
572, 779, 975, 876, 407, 562, 562, 477, 누구세요.
840, 890, 1115, 1151, 504, 751, 702, 618, 안녕하세요. 반갑습니다.
876, 1038, 1164, 1053, 362, 538, 511, 458, 안녕하세요. 반갑습니다. 반갑습니다.
964, 838, 1265, 1228, 403, 560, 529, 363, 안녕하세요. 반갑습니다.
957, 850, 1264, 1117, 475, 526, 529, 483, 안녕하세요. 반갑습니다. 반갑습니다. 반갑습니다.
895, 718, 1127, 1041, 550, 683, 725, 563, 누구세요.
1032, 940, 1338, 1174, 465, 578, 661, 425, 안녕하세요. 반갑습니다. 반갑습니다. 반갑습니다.
904, 852, 1072, 982, 423, 540, 475, 391, 누구세요.
854, 735, 1096, 1089, 509, 614, 608, 484, 안녕하세요. 반갑습니다. 반갑습니다.
1082, 977, 1235, 1361, 487, 684, 635, 490, 누구세요.
901, 879, 1079, 1187, 651, 775, 709, 607, 누구세요.
590, 736, 761, 858, 354, 564, 592, 396, 안녕하세요. 반갑습니다. 반갑습니다. 반갑습니다.
755, 649, 775, 890, 372, 492, 491, 400, 누구세요.
708, 629, 735, 923, 473, 557, 618, 416, 안녕하세요. 반갑습니다.
983, 788, 1222, 1061, 525, 745, 697, 512, 누구세요.
672, 816, 989, 1133, 535, 592, 700, 559, 안녕하세요. 반갑습니다. 반갑습니다. 반갑습니다.
819, 819, 1200, 1252, 492, 739, 718, 593, 안녕하세요. 반갑습니다. 반갑습니다. 반갑습니다.
1172, 1006, 1343, 1312, 476, 631, 527, 447, 안녕하세요. 반갑습니다.
854, 733, 1115, 1042, 545, 701, 639, 505, 안녕하세요. 반갑습니다. 반갑습니다. 반갑습니다.
1055, 1013, 1286, 1248, 526, 706, 669, 580, 안녕하세요. 반갑습니다. 반갑습니다. 반갑습니다.
778, 914, 961, 1185, 445, 640, 618, 486, 안녕하세요. 반갑습니다. 반갑습니다. 반갑습니다.
1030, 1064, 1211, 1296, 373, 450, 539, 396, 안녕하세요. 반갑습니다.
633, 778, 1008, 873, 568, 712, 788, 603, 누구세요.
637, 673, 955, 950, 420, 618, 632, 396, 안녕하세요. 반갑습니다.
705, 558, 874, 969, 434, 520, 536, 422, 안녕하세요. 반갑습니다. 반갑습니다.
969, 977, 1164, 1321, 437, 627, 533, 483, 안녕하세요. 반갑습니다. 반갑습니다. 반갑습니다.
942, 989, 1108, 1320, 431, 568, 499, 372, 안녕하세요. 반갑습니다. 반갑습니다. 반갑습니다.
685, 776, 1013, 895, 589, 754, 671, 636, 안녕하세요. 반갑습니다. 반갑습니다. 반갑습니다.
784, 608, 938, 827, 499, 662, 589, 543, 안녕하세요. 반갑습니다.
1045, 864, 1267, 1159, 562, 645, 731, 594, 누구세요.
886, 880, 1066, 1136, 545, 637, 765, 608, 안녕하세요. 반갑습니다.
853, 868, 1171, 1216, 536, 718, 699, 586, 안녕하세요. 반갑습니다. 반갑습니다. 반갑습니다.
873, 793, 1038, 1033, 442, 587, 486, 338, 누구세요.
973, 991, 1191, 1182, 444, 527, 519, 352, 안녕하세요. 반갑습니다. 반갑습니다. 반갑습니다.
1035, 972, 1138, 1160, 448, 645, 617, 470, 안녕하세요. 반갑습니다. 반갑습니다. 반갑습니다.
1103, 921, 1376, 1333, 478, 574, 543, 466, 누구세요.
781, 942, 1169, 1008, 528, 733, 656, 616, 안녕하세요. 반갑습니다. 반갑습니다.
1029, 1121, 1266, 1238, 544, 669, 650, 492, 안녕하세요. 반갑습니다.
866, 868, 1215, 1306, 413, 573, 521, 307, 안녕하세요. 반갑습니다. 반갑습니다. 반갑습니다.
598, 684, 863, 942, 517, 665, 614, 440, 안녕하세요. 반갑습니다.
1121, 1127, 1371, 1300, 469, 572, 663, 520, 안녕하세요. 반갑습니다. 반갑습니다.
1112, 957, 1372, 1200, 555, 679, 755, 645, 누구세요.
731, 734, 1104, 1013, 501, 659, 618, 575, 누구세요.
1032, 1083, 1295, 1276, 448, 652, 658, 402, 누구세요.
633, 577, 843, 854, 309, 488, 532, 286, 누구세요.
1085, 1111, 1264, 1318, 435, 628, 684, 569, 안녕하세요. 반갑습니다. 반갑습니다. 반갑습니다.
850, 767, 1001, 1119, 556, 688, 752, 506, 안녕하세요. 반갑습니다. 반갑습니다.
594, 586, 849, 827, 343, 518, 547, 378, 안녕하세요. 반갑습니다. 반갑습니다. 반갑습니다.
649, 578, 1009, 963, 504, 645, 672, 466, 누구세요.
851, 660, 1129, 1103, 463, 650, 608, 469, 안녕하세요. 반갑습니다. 반갑습니다. 반갑습니다.
873, 743, 1177, 982, 519, 728, 704, 617, 안녕하세요. 반갑습니다. 반갑습니다.
670, 622, 985, 886, 524, 573, 598, 468, 안녕하세요. 반갑습니다. 반갑습니다. 반갑습니다.
996, 1002, 1178, 1260, 524, 585, 629, 425, 안녕하세요. 반갑습니다.
955, 882, 1256, 1127, 557, 588, 611, 480, 안녕하세요. 반갑습니다. 반갑습니다. 반갑습니다.
968, 1012, 1102, 1073, 471, 687, 598, 520, 안녕하세요. 반갑습니다.
791, 822, 1104, 1046, 374, 525, 586, 430, 안녕하세요. 반갑습니다.
724, 542, 919, 869, 650, 726, 798, 530, 안녕하세요. 반갑습니다. 반갑습니다.
989, 1070, 1199, 1169, 401, 567, 510, 420, 안녕하세요. 반갑습니다. 반갑습니다.
973, 940, 1269, 1111, 608, 633, 634, 538, 안녕하세요. 반갑습니다.
871, 1070, 1257, 1277, 494, 718, 674, 495, 안녕하세요. 반갑습니다. 반갑습니다.
1146, 964, 1389, 1221, 518, 722, 744, 512, 안녕하세요. 반갑습니다. 반갑습니다.
588, 693, 980, 850, 606, 661, 740, 602, 안녕하세요. 반갑습니다.
912, 685, 1052, 943, 371, 497, 472, 341, 안녕하세요. 반갑습니다. 반갑습니다. 반갑습니다.
879, 849, 1036, 980, 407, 530, 497, 413, 안녕하세요. 반갑습니다. 반갑습니다. 반갑습니다.
890, 815, 1025, 1058, 582, 700, 663, 540, 안녕하세요. 반갑습니다. 반갑습니다. 반갑습니다.
553, 522, 891, 807, 553, 651, 640, 451, 누구세요.
965, 860, 1007, 1147, 409, 599, 530, 400, 안녕하세요. 반갑습니다. 반갑습니다.
867, 912, 1148, 1292, 453, 583, 527, 336, 안녕하세요. 반갑습니다. 반갑습니다. 반갑습니다.
711, 771, 878, 948, 402, 565, 625, 475, 안녕하세요. 반갑습니다. 반갑습니다. 반갑습니다.
935, 874, 1128, 1250, 499, 641, 640, 425, 안녕하세요. 반갑습니다. 반갑습니다.
858, 801, 1032, 1197, 490, 563, 528, 472, 안녕하세요. 반갑습니다. 반갑습니다. 반갑습니다.
751, 971, 1145, 1054, 482, 551, 623, 536, 누구세요.
653, 498, 902, 843, 507, 647, 706, 482, 안녕하세요. 반갑습니다. 반갑습니다. 반갑습니다.
982, 942, 1208, 1180, 328, 503, 535, 296, 안녕하세요. 반갑습니다. 반갑습니다. 반갑습니다.
733, 815, 964, 964, 527, 574, 621, 524, 안녕하세요. 반갑습니다.
1008, 852, 1289, 1100, 607, 710, 710, 540, 안녕하세요. 반갑습니다.
851, 740, 993, 883, 399, 597, 612, 427, 누구세요.
736, 699, 1008, 943, 426, 662, 592, 516, 안녕하세요. 반갑습니다. 반갑습니다.
726, 587, 1047, 946, 401, 531, 507, 468, 안녕하세요. 반갑습니다. 반갑습니다. 반갑습니다.
772, 578, 911, 1021, 440, 649, 651, 483, 안녕하세요. 반갑습니다. 반갑습니다. 반갑습니다.
930, 866, 1126, 1191, 530, 644, 681, 536, 안녕하세요. 반갑습니다.
646, 711, 978, 1073, 348, 502, 503, 422, 안녕하세요. 반갑습니다. 반갑습니다. 반갑습니다.
918, 912, 1154, 1228, 481, 583, 695, 517, 안녕하세요. 반갑습니다.
691, 777, 893, 962, 520, 665, 628, 602, 안녕하세요. 반갑습니다. 반갑습니다. 반갑습니다.
958, 929, 1290, 1339, 412, 543, 618, 404, 안녕하세요. 반갑습니다.
1193, 996, 1233, 1424, 539, 591, 583, 455, 안녕하세요. 반갑습니다.
949, 781, 1169, 1127, 468, 627, 642, 529, 누구세요.
732, 802, 919, 1116, 581, 743, 687, 551, 안녕하세요. 반갑습니다.
1018, 1112, 1126, 1287, 334, 535, 540, 415, 안녕하세요. 반갑습니다. 반갑습니다.
707, 708, 1027, 1044, 466, 596, 520, 475, 안녕하세요. 반갑습니다. 반갑습니다. 반갑습니다.
911, 747, 1180, 987, 346, 516, 562, 378, 안녕하세요. 반갑습니다. 반갑습니다.
1033, 1151, 1249, 1379, 407, 524, 600, 460, 안녕하세요. 반갑습니다. 반갑습니다.
829, 915, 1196, 1108, 443, 648, 573, 484, 누구세요.
855, 877, 1013, 1080, 597, 650, 677, 528, 안녕하세요. 반갑습니다.
834, 782, 1112, 1092, 548, 699, 672, 627, 안녕하세요. 반갑습니다. 반갑습니다.
627, 648, 907, 976, 602, 666, 682, 568, 안녕하세요. 반갑습니다. 반갑습니다.
1023, 809, 1241, 1113, 464, 628, 564, 533, 안녕하세요. 반갑습니다.
967, 833, 1141, 1008, 535, 641, 691, 541, 안녕하세요. 반갑습니다. 반갑습니다.
822, 973, 1107, 1132, 479, 530, 602, 482, 안녕하세요. 반갑습니다. 반갑습니다.
1057, 931, 1185, 1227, 493, 604, 603, 554, 누구세요.
1156, 1133, 1414, 1358, 483, 557, 616, 439, 안녕하세요. 반갑습니다. 반갑습니다.
1003, 947, 1247, 1248, 470, 648, 626, 529, 안녕하세요. 반갑습니다. 반갑습니다.
1100, 1038, 1340, 1113, 532, 664, 749, 603, 안녕하세요. 반갑습니다. 반갑습니다.
761, 598, 980, 775, 405, 526, 624, 451, 안녕하세요. 반갑습니다. 반갑습니다. 반갑습니다.
976, 1120, 1263, 1376, 629, 754, 746, 622, 안녕하세요. 반갑습니다. 반갑습니다. 반갑습니다.
1047, 933, 1163, 1175, 395, 601, 552, 429, 안녕하세요. 반갑습니다.
746, 791, 859, 1054, 628, 776, 647, 594, 누구세요.
864, 902, 1061, 1078, 448, 572, 655, 491, 안녕하세요. 반갑습니다. 반갑습니다.
954, 929, 1030, 1201, 476, 699, 573, 458, 안녕하세요. 반갑습니다. 반갑습니다.
898, 979, 1099, 1012, 343, 549, 547, 401, 누구세요.
811, 838, 952, 942, 596, 652, 709, 616, 안녕하세요. 반갑습니다. 반갑습니다. 반갑습니다.
1091, 983, 1195, 1271, 621, 715, 661, 562, 안녕하세요. 반갑습니다. 반갑습니다. 반갑습니다.
853, 843, 1303, 1112, 576, 797, 737, 580, 누구세요.
991, 1141, 1363, 1349, 498, 630, 630, 554, 누구세요.
879, 870, 1222, 1029, 444, 599, 588, 389, 안녕하세요. 반갑습니다.
750, 855, 1053, 965, 489, 577, 650, 450, 안녕하세요. 반갑습니다. 반갑습니다.
985, 979, 1196, 1308, 616, 747, 736, 531, 안녕하세요. 반갑습니다. 반갑습니다.
787, 805, 1005, 991, 482, 631, 631, 433, 안녕하세요. 반갑습니다. 반갑습니다.
895, 981, 1100, 1231, 298, 525, 420, 334, 누구세요.
796, 673, 1049, 980, 414, 598, 528, 404, 안녕하세요. 반갑습니다. 반갑습니다.
1124, 926, 1242, 1333, 414, 596, 584, 464, 안녕하세요. 반갑습니다.
722, 742, 939, 878, 359, 441, 452, 371, 누구세요.
961, 963, 1137, 1343, 527, 730, 774, 640, 안녕하세요. 반갑습니다. 반갑습니다. 반갑습니다.
1037, 835, 1278, 1201, 483, 657, 715, 571, 안녕하세요. 반갑습니다. 반갑습니다.
1001, 962, 1048, 1073, 379, 516, 563, 336, 안녕하세요. 반갑습니다. 반갑습니다. 반갑습니다.
620, 500, 761, 958, 507, 611, 609, 585, 안녕하세요. 반갑습니다. 반갑습니다.
1013, 1059, 1198, 1111, 348, 497, 514, 402, 안녕하세요. 반갑습니다. 반갑습니다. 반갑습니다.
968, 982, 1351, 1172, 535, 589, 571, 434, 누구세요.
836, 743, 941, 1050, 362, 481, 495, 379, 안녕하세요. 반갑습니다. 반갑습니다. 반갑습니다.
1116, 1090, 1361, 1125, 626, 731, 691, 562, 누구세요.
1142, 1005, 1225, 1253, 558, 717, 668, 595, 안녕하세요. 반갑습니다. 반갑습니다.
910, 842, 1162, 1135, 461, 518, 587, 364, 안녕하세요. 반갑습니다. 반갑습니다. 반갑습니다.
823, 688, 1094, 1082, 440, 603, 599, 557, 누구세요.
645, 590, 827, 916, 567, 618, 596, 490, 안녕하세요. 반갑습니다. 반갑습니다. 반갑습니다.
785, 669, 1065, 1015, 370, 549, 532, 392, 안녕하세요. 반갑습니다. 반갑습니다.
716, 547, 871, 899, 549, 690, 669, 537, 누구세요.
866, 814, 1043, 974, 484, 612, 534, 519, 안녕하세요. 반갑습니다. 반갑습니다. 반갑습니다.
1057, 989, 1158, 1232, 432, 635, 555, 489, 안녕하세요. 반갑습니다. 반갑습니다. 반갑습니다.
675, 654, 869, 978, 440, 664, 653, 499, 누구세요.
624, 807, 1020, 849, 407, 566, 611, 437, 안녕하세요. 반갑습니다. 반갑습니다.
825, 910, 971, 1157, 449, 604, 600, 436, 누구세요.
573, 619, 836, 830, 344, 495, 518, 389, 안녕하세요. 반갑습니다.
654, 694, 846, 1028, 433, 578, 530, 405, 안녕하세요. 반갑습니다. 반갑습니다. 반갑습니다.
1088, 959, 1287, 1337, 339, 536, 464, 348, 안녕하세요. 반갑습니다. 반갑습니다. 반갑습니다.
694, 555, 953, 980, 576, 691, 664, 476, 안녕하세요. 반갑습니다. 반갑습니다. 반갑습니다.
1033, 1043, 1163, 1120, 369, 516, 437, 357, 안녕하세요. 반갑습니다. 반갑습니다.
749, 901, 1121, 1048, 628, 707, 675, 661, 안녕하세요. 반갑습니다. 반갑습니다. 반갑습니다.
1020, 857, 1229, 1210, 402, 532, 536, 340, 안녕하세요. 반갑습니다.
681, 669, 990, 856, 413, 500, 520, 368, 안녕하세요. 반갑습니다. 반갑습니다. 반갑습니다.
892, 844, 1088, 1004, 488, 569, 581, 458, 안녕하세요. 반갑습니다.
706, 706, 1064, 1070, 581, 779, 700, 576, 안녕하세요. 반갑습니다. 반갑습니다. 반갑습니다.
805, 723, 865, 1049, 528, 649, 642, 492, 안녕하세요. 반갑습니다. 반갑습니다.
538, 664, 802, 796, 506, 593, 652, 462, 누구세요.
916, 795, 1184, 1093, 446, 627, 627, 454, 안녕하세요. 반갑습니다. 반갑습니다. 반갑습니다.
731, 508, 835, 916, 504, 625, 588, 436, 안녕하세요. 반갑습니다.
595, 613, 911, 931, 438, 587, 512, 372, 안녕하세요. 반갑습니다. 반갑습니다.
965, 1029, 1089, 1264, 402, 481, 577, 425, 안녕하세요. 반갑습니다. 반갑습니다.
928, 1017, 1220, 1246, 638, 652, 770, 616, 안녕하세요. 반갑습니다. 반갑습니다. 반갑습니다.
947, 878, 960, 994, 504, 710, 645, 607, 안녕하세요. 반갑습니다. 반갑습니다. 반갑습니다.
1176, 1004, 1416, 1379, 570, 681, 739, 491, 안녕하세요. 반갑습니다.
972, 1174, 1383, 1334, 363, 508, 605, 461, 누구세요.
1054, 1088, 1206, 1297, 418, 503, 477, 341, 안녕하세요. 반갑습니다.
820, 687, 1075, 1073, 470, 497, 563, 381, 안녕하세요. 반갑습니다. 반갑습니다. 반갑습니다.
1001, 956, 1137, 1196, 632, 792, 785, 574, 안녕하세요. 반갑습니다.
761, 802, 1030, 1053, 553, 673, 610, 513, 안녕하세요. 반갑습니다. 반갑습니다.
799, 805, 986, 1091, 585, 780, 687, 545, 안녕하세요. 반갑습니다. 반갑습니다.
844, 897, 1111, 1077, 474, 521, 619, 389, 누구세요.
799, 857, 1158, 975, 381, 584, 548, 440, 누구세요.
804, 861, 964, 1090, 489, 575, 570, 456, 안녕하세요. 반갑습니다. 반갑습니다. 반갑습니다.
839, 764, 967, 1042, 399, 651, 650, 428, 누구세요.
896, 777, 1122, 1127, 575, 704, 594, 582, 안녕하세요. 반갑습니다. 반갑습니다. 반갑습니다.
996, 992, 1230, 1171, 458, 584, 630, 533, 안녕하세요. 반갑습니다. 반갑습니다.
881, 736, 1066, 1002, 643, 802, 700, 570, 안녕하세요. 반갑습니다. 반갑습니다. 반갑습니다.
807, 876, 1071, 1067, 450, 486, 545, 329, 안녕하세요. 반갑습니다. 반갑습니다.
755, 851, 1101, 1044, 298, 499, 453, 356, 안녕하세요. 반갑습니다. 반갑습니다. 반갑습니다.
677, 686, 928, 773, 390, 536, 527, 354, 누구세요.
906, 902, 1046, 1014, 506, 527, 523, 447, 안녕하세요. 반갑습니다.
1066, 1075, 1146, 1201, 549, 688, 693, 457, 안녕하세요. 반갑습니다. 반갑습니다. 반갑습니다.
550, 570, 951, 909, 573, 747, 784, 611, 안녕하세요. 반갑습니다. 반갑습니다. 반갑습니다.
1080, 932, 1245, 1362, 545, 555, 663, 460, 안녕하세요. 반갑습니다. 반갑습니다.
833, 766, 942, 1009, 346, 489, 546, 411, 누구세요.
936, 1069, 1166, 1274, 384, 593, 522, 394, 누구세요.
1046, 1024, 1220, 1303, 626, 696, 654, 589, 안녕하세요. 반갑습니다. 반갑습니다.
976, 906, 1174, 1242, 483, 595, 574, 521, 안녕하세요. 반갑습니다. 반갑습니다.
797, 782, 949, 1032, 569, 649, 662, 504, 안녕하세요. 반갑습니다. 반갑습니다. 반갑습니다.
659, 549, 912, 829, 540, 692, 688, 579, 안녕하세요. 반갑습니다.
491, 694, 823, 842, 581, 687, 734, 541, 누구세요.
921, 888, 1208, 1102, 605, 686, 711, 496, 안녕하세요. 반갑습니다.
661, 652, 878, 790, 455, 577, 620, 505, 안녕하세요. 반갑습니다.
655, 678, 991, 1133, 657, 734, 681, 625, 안녕하세요. 반갑습니다. 반갑습니다.
825, 645, 1011, 973, 414, 487, 510, 345, 안녕하세요. 반갑습니다. 반갑습니다.
778, 795, 1118, 1054, 424, 541, 609, 516, 안녕하세요. 반갑습니다. 반갑습니다. 반갑습니다.
721, 891, 937, 955, 405, 565, 620, 443, 누구세요.
828, 746, 1094, 994, 489, 673, 666, 478, 안녕하세요. 반갑습니다. 반갑습니다. 반갑습니다.
973, 930, 1137, 1176, 458, 594, 600, 403, 누구세요.
959, 913, 1189, 1185, 550, 781, 790, 612, 안녕하세요. 반갑습니다. 반갑습니다.
836, 815, 1171, 1003, 400, 581, 568, 328, 안녕하세요. 반갑습니다. 반갑습니다.
730, 625, 1051, 891, 580, 682, 645, 553, 누구세요.
684, 630, 875, 976, 433, 632, 654, 525, 안녕하세요. 반갑습니다. 반갑습니다.
868, 714, 1006, 1073, 371, 526, 549, 387, 안녕하세요. 반갑습니다. 반갑습니다. 반갑습니다.
711, 699, 981, 851, 562, 716, 655, 563, 안녕하세요. 반갑습니다. 반갑습니다.
847, 871, 993, 1076, 494, 614, 590, 510, 안녕하세요. 반갑습니다.
931, 1079, 1311, 1205, 546, 773, 695, 592, 안녕하세요. 반갑습니다.
883, 985, 1083, 1253, 375, 587, 531, 433, 안녕하세요. 반갑습니다.
735, 538, 742, 872, 383, 499, 575, 428, 안녕하세요. 반갑습니다.
892, 785, 1143, 1205, 417, 634, 569, 504, 안녕하세요. 반갑습니다. 반갑습니다.
930, 716, 1097, 1121, 276, 497, 534, 333, 안녕하세요. 반갑습니다.
726, 697, 896, 855, 556, 721, 714, 584, 안녕하세요. 반갑습니다. 반갑습니다.
559, 504, 860, 748, 546, 661, 743, 537, 안녕하세요. 반갑습니다.
981, 987, 1249, 1199, 494, 720, 629, 545, 안녕하세요. 반갑습니다. 반갑습니다.
676, 594, 756, 772, 478, 593, 547, 390, 안녕하세요. 반갑습니다. 반갑습니다. 반갑습니다.
565, 749, 924, 794, 485, 559, 675, 534, 안녕하세요. 반갑습니다. 반갑습니다.
986, 901, 1197, 1349, 577, 712, 642, 577, 안녕하세요. 반갑습니다. 반갑습니다.
763, 690, 906, 857, 363, 538, 501, 307, 안녕하세요. 반갑습니다. 반갑습니다. 반갑습니다.
1001, 1013, 1143, 1081, 547, 693, 569, 449, 안녕하세요. 반갑습니다.
599, 610, 844, 896, 362, 480, 532, 331, 안녕하세요. 반갑습니다.
1096, 1121, 1306, 1215, 427, 617, 612, 447, 안녕하세요. 반갑습니다.
794, 957, 1085, 1182, 546, 689, 607, 429, 안녕하세요. 반갑습니다. 반갑습니다.
965, 1065, 1341, 1390, 359, 494, 509, 393, 안녕하세요. 반갑습니다.
686, 837, 1102, 1024, 487, 626, 614, 540, 안녕하세요. 반갑습니다.
703, 893, 999, 1023, 503, 629, 612, 482, 누구세요.
1106, 1022, 1344, 1170, 400, 569, 601, 463, 안녕하세요. 반갑습니다. 반갑습니다.
1012, 890, 1119, 1132, 426, 588, 563, 478, 안녕하세요. 반갑습니다.
741, 636, 889, 831, 510, 612, 635, 432, 안녕하세요. 반갑습니다. 반갑습니다. 반갑습니다.
917, 1058, 1300, 1288, 496, 701, 701, 578, 안녕하세요. 반갑습니다.
897, 941, 1173, 1157, 446, 615, 624, 468, 안녕하세요. 반갑습니다. 반갑습니다. 반갑습니다.
618, 701, 858, 883, 586, 652, 608, 571, 안녕하세요. 반갑습니다. 반갑습니다. 반갑습니다.
998, 988, 1197, 1075, 418, 663, 554, 516, 안녕하세요. 반갑습니다. 반갑습니다. 반갑습니다.
747, 709, 1038, 960, 635, 793, 756, 538, 안녕하세요. 반갑습니다. 반갑습니다.
892, 938, 1010, 1060, 441, 457, 514, 359, 안녕하세요. 반갑습니다. 반갑습니다. 반갑습니다.
899, 854, 1131, 1198, 491, 605, 664, 450, 안녕하세요. 반갑습니다.
680, 775, 890, 1011, 580, 731, 705, 587, 안녕하세요. 반갑습니다. 반갑습니다.
637, 718, 938, 863, 347, 507, 604, 365, 누구세요.
1080, 1012, 1389, 1370, 288, 503, 531, 334, 안녕하세요. 반갑습니다. 반갑습니다. 반갑습니다.
819, 743, 969, 876, 531, 617, 598, 469, 안녕하세요. 반갑습니다. 반갑습니다. 반갑습니다.
943, 1038, 1129, 1277, 584, 779, 759, 529, 안녕하세요. 반갑습니다.
894, 853, 1076, 1077, 424, 572, 509, 457, 안녕하세요. 반갑습니다. 반갑습니다. 반갑습니다.
1012, 1027, 1290, 1377, 432, 572, 584, 498, 안녕하세요. 반갑습니다. 반갑습니다.
774, 735, 897, 939, 427, 586, 628, 464, 안녕하세요. 반갑습니다. 반갑습니다. 반갑습니다.
886, 986, 1153, 1153, 421, 625, 624, 443, 안녕하세요. 반갑습니다. 반갑습니다. 반갑습니다.
897, 914, 1205, 1262, 411, 597, 539, 429, 누구세요.
895, 1029, 1234, 1284, 619, 709, 704, 530, 안녕하세요. 반갑습니다. 반갑습니다. 반갑습니다.
796, 648, 947, 956, 553, 704, 753, 624, 안녕하세요. 반갑습니다.
778, 783, 1064, 1063, 369, 565, 562, 451, 안녕하세요. 반갑습니다. 반갑습니다.
737, 775, 949, 1065, 413, 563, 596, 369, 누구세요.
862, 877, 1033, 1125, 671, 717, 689, 561, 누구세요.
760, 662, 1009, 879, 364, 532, 563, 350, 안녕하세요. 반갑습니다.
914, 1015, 1327, 1154, 443, 514, 535, 408, 안녕하세요. 반갑습니다. 반갑습니다.
701, 736, 1050, 1052, 479, 586, 617, 517, 누구세요.
612, 696, 973, 976, 547, 684, 660, 513, 안녕하세요. 반갑습니다.
699, 636, 931, 965, 620, 794, 676, 640, 안녕하세요. 반갑습니다. 반갑습니다.
640, 789, 1057, 879, 573, 627, 631, 589, 안녕하세요. 반갑습니다.
554, 623, 804, 918, 383, 588, 568, 441, 누구세요.
809, 914, 1064, 1051, 566, 705, 675, 579, 누구세요.
802, 852, 855, 938, 408, 576, 595, 447, 안녕하세요. 반갑습니다. 반갑습니다. 반갑습니다.
659, 748, 974, 837, 616, 669, 655, 544, 안녕하세요. 반갑습니다. 반갑습니다. 반갑습니다.
898, 844, 940, 920, 297, 451, 420, 347, 안녕하세요. 반갑습니다.
658, 719, 917, 1044, 629, 713, 736, 581, 안녕하세요. 반갑습니다. 반갑습니다. 반갑습니다.
1147, 938, 1304, 1317, 628, 669, 740, 634, 누구세요.
700, 718, 996, 856, 568, 672, 706, 545, 안녕하세요. 반갑습니다. 반갑습니다. 반갑습니다.
671, 724, 839, 909, 480, 604, 644, 467, 안녕하세요. 반갑습니다.
955, 874, 1022, 1117, 581, 688, 676, 564, 누구세요.
910, 933, 1245, 1146, 495, 505, 576, 444, 안녕하세요. 반갑습니다. 반갑습니다.
856, 760, 1051, 1141, 628, 733, 730, 519, 안녕하세요. 반갑습니다. 반갑습니다.
1054, 1085, 1409, 1400, 552, 723, 779, 634, 누구세요.
838, 735, 1095, 1013, 586, 699, 688, 555, 안녕하세요. 반갑습니다. 반갑습니다. 반갑습니다.
1030, 933, 1052, 1048, 411, 632, 637, 452, 안녕하세요. 반갑습니다.
791, 780, 1101, 1198, 430, 623, 519, 416, 안녕하세요. 반갑습니다. 반갑습니다. 반갑습니다.
709, 683, 935, 979, 496, 663, 687, 516, 안녕하세요. 반갑습니다. 반갑습니다. 반갑습니다.
684, 628, 895, 778, 493, 585, 653, 505, 안녕하세요. 반갑습니다.
807, 754, 1072, 1118, 390, 586, 619, 436, 누구세요.
921, 892, 1082, 1077, 318, 542, 563, 380, 누구세요.
1043, 942, 1195, 1345, 322, 520, 563, 434, 안녕하세요. 반갑습니다.
596, 574, 929, 905, 520, 755, 717, 517, 안녕하세요. 반갑습니다.
955, 899, 1020, 1066, 439, 570, 590, 446, 누구세요.
783, 816, 1247, 1246, 416, 515, 516, 365, 누구세요.
1031, 997, 1233, 1191, 421, 562, 600, 465, 안녕하세요. 반갑습니다. 반갑습니다. 반갑습니다.
981, 1075, 1219, 1273, 477, 616, 621, 400, 안녕하세요. 반갑습니다. 반갑습니다.
856, 787, 1058, 1092, 421, 519, 496, 308, 안녕하세요. 반갑습니다. 반갑습니다. 반갑습니다.
892, 799, 948, 1056, 398, 541, 474, 329, 안녕하세요. 반갑습니다.
703, 678, 834, 882, 334, 485, 498, 395, 안녕하세요. 반갑습니다. 반갑습니다. 반갑습니다.
863, 638, 1061, 1099, 353, 525, 517, 399, 누구세요.
782, 842, 1145, 1002, 520, 648, 619, 503, 안녕하세요. 반갑습니다. 반갑습니다. 반갑습니다.
971, 749, 1188, 1129, 530, 688, 720, 570, 누구세요.
889, 883, 1004, 1100, 584, 722, 711, 485, 안녕하세요. 반갑습니다.
1073, 940, 1123, 1263, 599, 607, 630, 529, 안녕하세요. 반갑습니다. 반갑습니다.
768, 679, 999, 1044, 535, 684, 679, 549, 안녕하세요. 반갑습니다.
850, 665, 969, 1083, 590, 710, 699, 583, 안녕하세요. 반갑습니다.
948, 941, 1089, 1184, 459, 605, 516, 386, 누구세요.
708, 697, 923, 854, 368, 491, 527, 354, 안녕하세요. 반갑습니다. 반갑습니다.
598, 671, 864, 974, 570, 638, 698, 551, 안녕하세요. 반갑습니다. 반갑습니다.
994, 802, 1099, 1079, 342, 462, 428, 284, 안녕하세요. 반갑습니다. 반갑습니다. 반갑습니다.
581, 701, 907, 885, 408, 520, 548, 416, 누구세요.
965, 1170, 1257, 1322, 408, 578, 534, 449, 누구세요.
810, 944, 1009, 989, 406, 444, 438, 421, 안녕하세요. 반갑습니다.
1029, 1019, 1136, 1163, 586, 759, 636, 612, 안녕하세요. 반갑습니다. 반갑습니다. 반갑습니다.
525, 613, 932, 864, 440, 535, 534, 446, 안녕하세요. 반갑습니다. 반갑습니다.
1060, 1012, 1146, 1207, 471, 611, 633, 495, 안녕하세요. 반갑습니다. 반갑습니다.
765, 552, 965, 912, 482, 619, 657, 533, 안녕하세요. 반갑습니다. 반갑습니다.
727, 893, 1033, 1040, 475, 598, 581, 473, 안녕하세요. 반갑습니다. 반갑습니다. 반갑습니다.
590, 646, 796, 959, 630, 662, 738, 633, 누구세요.
764, 824, 1113, 1174, 453, 530, 558, 396, 안녕하세요. 반갑습니다. 반갑습니다. 반갑습니다.
1095, 938, 1381, 1265, 437, 617, 553, 457, 누구세요.
813, 867, 1001, 1170, 546, 654, 726, 634, 안녕하세요. 반갑습니다. 반갑습니다.
882, 1043, 1335, 1159, 408, 602, 628, 443, 안녕하세요. 반갑습니다. 반갑습니다. 반갑습니다.
1121, 1159, 1179, 1373, 414, 524, 501, 418, 안녕하세요. 반갑습니다. 반갑습니다. 반갑습니다.
865, 884, 1105, 1122, 497, 583, 671, 489, 안녕하세요. 반갑습니다.
742, 701, 1147, 1111, 327, 544, 545, 406, 누구세요.
818, 1003, 1074, 1226, 346, 523, 439, 419, 누구세요.
1075, 934, 1192, 1218, 441, 520, 482, 408, 안녕하세요. 반갑습니다. 반갑습니다.
953, 916, 1186, 1150, 349, 497, 591, 344, 누구세요.
731, 618, 880, 879, 334, 582, 495, 381, 안녕하세요. 반갑습니다. 반갑습니다. 반갑습니다.
1076, 1040, 1273, 1230, 502, 580, 581, 568, 안녕하세요. 반갑습니다.
1101, 1014, 1306, 1393, 582, 708, 728, 560, 누구세요.
609, 625, 943, 975, 481, 609, 645, 440, 안녕하세요. 반갑습니다.
644, 587, 956, 827, 544, 640, 762, 568, 누구세요.
848, 772, 1023, 989, 346, 555, 523, 368, 안녕하세요. 반갑습니다.
564, 678, 940, 1004, 557, 681, 645, 466, 누구세요.
678, 819, 860, 1001, 511, 734, 621, 482, 안녕하세요. 반갑습니다. 반갑습니다.
1097, 1043, 1332, 1244, 603, 735, 676, 567, 안녕하세요. 반갑습니다. 반갑습니다. 반갑습니다.
950, 883, 1005, 1208, 565, 698, 675, 543, 누구세요.
946, 1020, 1265, 1283, 486, 583, 621, 483, 안녕하세요. 반갑습니다.
856, 684, 908, 1037, 462, 592, 601, 515, 안녕하세요. 반갑습니다.
713, 752, 947, 1025, 334, 556, 502, 307, 안녕하세요. 반갑습니다.
631, 762, 793, 881, 560, 697, 714, 559, 누구세요.
539, 526, 941, 863, 407, 492, 496, 376, 누구세요.
1061, 931, 1285, 1115, 502, 686, 671, 596, 누구세요.
1039, 1033, 1188, 1310, 494, 721, 636, 602, 안녕하세요. 반갑습니다. 반갑습니다. 반갑습니다.
749, 678, 1049, 1089, 397, 557, 496, 427, 안녕하세요. 반갑습니다.
954, 878, 1178, 1173, 496, 569, 606, 496, 안녕하세요. 반갑습니다. 반갑습니다.
607, 694, 948, 910, 521, 653, 670, 515, 안녕하세요. 반갑습니다.
908, 789, 1081, 1064, 541, 639, 705, 592, 안녕하세요. 반갑습니다. 반갑습니다.
502, 688, 913, 929, 381, 528, 583, 391, 안녕하세요. 반갑습니다. 반갑습니다. 반갑습니다.
864, 736, 1027, 1084, 481, 638, 544, 405, 안녕하세요. 반갑습니다. 반갑습니다. 반갑습니다.
997, 1003, 1377, 1216, 647, 774, 692, 611, 안녕하세요. 반갑습니다. 반갑습니다. 반갑습니다.
955, 942, 1332, 1217, 631, 714, 738, 545, 안녕하세요. 반갑습니다. 반갑습니다. 반갑습니다.
790, 717, 1079, 1071, 567, 709, 729, 554, 누구세요.
790, 793, 1100, 1120, 435, 577, 524, 368, 안녕하세요. 반갑습니다.
965, 1166, 1391, 1285, 526, 664, 708, 563, 안녕하세요. 반갑습니다. 반갑습니다. 반갑습니다.
923, 1122, 1192, 1213, 310, 517, 521, 336, 안녕하세요. 반갑습니다.
1082, 1052, 1360, 1248, 619, 763, 692, 655, 안녕하세요. 반갑습니다. 반갑습니다. 반갑습니다.
767, 967, 1114, 1017, 377, 534, 564, 387, 누구세요.
581, 679, 898, 914, 597, 707, 700, 556, 안녕하세요. 반갑습니다. 반갑습니다.
956, 951, 1215, 1358, 512, 606, 566, 441, 누구세요.
1125, 1091, 1364, 1279, 481, 544, 642, 487, 안녕하세요. 반갑습니다.
738, 617, 943, 982, 546, 769, 731, 550, 안녕하세요. 반갑습니다.
831, 717, 1132, 946, 542, 657, 688, 508, 안녕하세요. 반갑습니다.
807, 884, 1001, 998, 532, 632, 633, 485, 누구세요.
811, 791, 1104, 1120, 616, 680, 645, 490, 안녕하세요. 반갑습니다. 반갑습니다. 반갑습니다.
881, 938, 1270, 1157, 590, 705, 748, 610, 안녕하세요. 반갑습니다. 반갑습니다. 반갑습니다.
653, 586, 985, 815, 563, 595, 664, 563, 안녕하세요. 반갑습니다.
950, 1145, 1224, 1269, 402, 496, 536, 457, 안녕하세요. 반갑습니다. 반갑습니다.
555, 645, 964, 1011, 518, 705, 716, 549, 안녕하세요. 반갑습니다.
874, 731, 981, 1023, 443, 546, 492, 452, 안녕하세요. 반갑습니다.
739, 740, 1003, 941, 480, 549, 556, 491, 누구세요.
772, 658, 1078, 1052, 368, 466, 506, 358, 안녕하세요. 반갑습니다.
580, 728, 835, 966, 563, 708, 681, 580, 누구세요.
896, 982, 1251, 1301, 467, 483, 558, 444, 안녕하세요. 반갑습니다.
1007, 865, 1083, 1193, 359, 515, 559, 447, 안녕하세요. 반갑습니다. 반갑습니다.
664, 723, 1046, 973, 449, 654, 589, 499, 누구세요.
1105, 1085, 1322, 1322, 415, 680, 577, 515, 안녕하세요. 반갑습니다.
628, 506, 881, 859, 440, 570, 585, 379, 안녕하세요. 반갑습니다.
1050, 1061, 1084, 1165, 578, 751, 670, 645, 안녕하세요. 반갑습니다. 반갑습니다. 반갑습니다.
708, 924, 1116, 1094, 640, 658, 767, 580, 안녕하세요. 반갑습니다. 반갑습니다.
1017, 1062, 1176, 1368, 538, 623, 586, 539, 안녕하세요. 반갑습니다. 반갑습니다.
790, 939, 1118, 998, 607, 655, 684, 606, 누구세요.
742, 545, 902, 798, 360, 454, 453, 320, 안녕하세요. 반갑습니다.
823, 844, 958, 1066, 424, 557, 535, 456, 안녕하세요. 반갑습니다. 반갑습니다. 반갑습니다.
634, 704, 995, 811, 587, 752, 703, 571, 안녕하세요. 반갑습니다. 반갑습니다. 반갑습니다.
946, 1024, 1179, 1197, 527, 741, 703, 566, 안녕하세요. 반갑습니다. 반갑습니다. 반갑습니다.
951, 1083, 1347, 1209, 537, 703, 667, 566, 안녕하세요. 반갑습니다. 반갑습니다.
638, 584, 895, 839, 322, 501, 547, 425, 누구세요.
1041, 1000, 1229, 1287, 346, 548, 432, 307, 안녕하세요. 반갑습니다.
1129, 1033, 1347, 1211, 536, 585, 630, 533, 안녕하세요. 반갑습니다.
979, 1039, 1235, 1159, 590, 707, 601, 464, 안녕하세요. 반갑습니다. 반갑습니다.
599, 668, 955, 1007, 484, 529, 514, 426, 안녕하세요. 반갑습니다.
1010, 916, 1255, 1261, 306, 523, 435, 407, 안녕하세요. 반갑습니다.
1034, 1122, 1299, 1272, 543, 693, 694, 561, 안녕하세요. 반갑습니다.
903, 902, 1156, 1196, 454, 606, 575, 378, 안녕하세요. 반갑습니다. 반갑습니다.
922, 1102, 1327, 1163, 368, 451, 447, 344, 누구세요.
836, 657, 1069, 1001, 457, 633, 584, 565, 안녕하세요. 반갑습니다. 반갑습니다. 반갑습니다.
1013, 996, 1283, 1118, 305, 504, 499, 420, 안녕하세요. 반갑습니다. 반갑습니다.
898, 789, 1066, 1117, 419, 553, 576, 412, 안녕하세요. 반갑습니다. 반갑습니다. 반갑습니다.
647, 596, 939, 922, 472, 695, 713, 472, 안녕하세요. 반갑습니다. 반갑습니다.
524, 499, 942, 893, 508, 644, 703, 543, 누구세요.
718, 634, 1016, 1004, 609, 732, 689, 587, 안녕하세요. 반갑습니다.
646, 663, 1013, 967, 557, 750, 718, 545, 누구세요.
610, 636, 870, 789, 507, 636, 587, 481, 안녕하세요. 반갑습니다. 반갑습니다.
869, 807, 995, 1025, 371, 547, 576, 476, 안녕하세요. 반갑습니다. 반갑습니다. 반갑습니다.
998, 783, 1151, 1079, 598, 695, 750, 587, 누구세요.
889, 957, 1019, 982, 572, 722, 698, 599, 안녕하세요. 반갑습니다.
945, 1014, 1381, 1415, 397, 567, 561, 414, 안녕하세요. 반갑습니다. 반갑습니다. 반갑습니다.
688, 863, 944, 1090, 585, 638, 710, 500, 누구세요.
1029, 1120, 1305, 1232, 521, 698, 652, 475, 안녕하세요. 반갑습니다. 반갑습니다. 반갑습니다.
978, 822, 1132, 1124, 568, 641, 674, 497, 안녕하세요. 반갑습니다. 반갑습니다.
715, 780, 992, 909, 391, 589, 572, 426, 누구세요.
591, 578, 758, 855, 324, 565, 494, 315, 안녕하세요. 반갑습니다.
1014, 1133, 1189, 1322, 399, 524, 526, 417, 안녕하세요. 반갑습니다.
588, 799, 917, 1053, 445, 528, 505, 461, 누구세요.
1096, 907, 1277, 1272, 457, 555, 615, 352, 누구세요.
1157, 1011, 1276, 1226, 460, 574, 543, 397, 안녕하세요. 반갑습니다.
762, 868, 1113, 946, 418, 526, 522, 402, 누구세요.
750, 744, 967, 1127, 450, 635, 547, 413, 누구세요.
1005, 1011, 1099, 1217, 587, 664, 674, 496, 안녕하세요. 반갑습니다. 반갑습니다. 반갑습니다.
838, 978, 1292, 1153, 545, 615, 627, 462, 안녕하세요. 반갑습니다. 반갑습니다. 반갑습니다.
743, 631, 885, 885, 381, 499, 492, 328, 안녕하세요. 반갑습니다.
838, 742, 1026, 946, 566, 702, 708, 504, 안녕하세요. 반갑습니다. 반갑습니다.
578, 605, 794, 925, 527, 669, 694, 521, 누구세요.
868, 1083, 1173, 1127, 328, 492, 456, 342, 안녕하세요. 반갑습니다.
615, 504, 770, 760, 468, 583, 643, 441, 안녕하세요. 반갑습니다.
1032, 1154, 1400, 1226, 489, 612, 608, 456, 안녕하세요. 반갑습니다. 반갑습니다. 반갑습니다.
1035, 1021, 1299, 1399, 388, 551, 639, 423, 안녕하세요. 반갑습니다. 반갑습니다.
840, 824, 1047, 1115, 523, 708, 737, 639, 누구세요.
701, 768, 872, 988, 407, 597, 535, 424, 안녕하세요. 반갑습니다. 반갑습니다. 반갑습니다.
806, 639, 1055, 1019, 460, 668, 610, 521, 안녕하세요. 반갑습니다. 반갑습니다.
570, 720, 943, 800, 407, 489, 573, 441, 안녕하세요. 반갑습니다.
843, 898, 1161, 1248, 544, 566, 598, 454, 안녕하세요. 반갑습니다.
1008, 881, 1100, 1027, 380, 576, 592, 372, 안녕하세요. 반갑습니다.
957, 957, 1125, 1241, 588, 604, 710, 505, 누구세요.
713, 577, 997, 953, 470, 617, 687, 468, 안녕하세요. 반갑습니다. 반갑습니다.
905, 1102, 1250, 1319, 556, 699, 671, 454, 누구세요.
741, 654, 851, 949, 487, 681, 690, 523, 안녕하세요. 반갑습니다. 반갑습니다. 반갑습니다.
663, 715, 890, 871, 336, 582, 472, 426, 안녕하세요. 반갑습니다. 반갑습니다.
767, 786, 1099, 983, 403, 637, 626, 456, 안녕하세요. 반갑습니다. 반갑습니다.
635, 583, 890, 871, 632, 747, 738, 628, 안녕하세요. 반갑습니다. 반갑습니다. 반갑습니다.
680, 748, 775, 822, 486, 559, 574, 480, 안녕하세요. 반갑습니다. 반갑습니다. 반갑습니다.
1040, 1006, 1269, 1178, 491, 689, 684, 515, 안녕하세요. 반갑습니다.
802, 791, 951, 843, 554, 696, 781, 533, 안녕하세요. 반갑습니다. 반갑습니다. 반갑습니다.
1138, 1179, 1309, 1268, 432, 606, 605, 430, 누구세요.
570, 525, 805, 789, 353, 436, 455, 301, 누구세요.
1048, 941, 1201, 1139, 417, 591, 562, 526, 안녕하세요. 반갑습니다.
966, 1090, 1302, 1255, 461, 496, 487, 376, 안녕하세요. 반갑습니다. 반갑습니다.
791, 895, 1165, 1125, 523, 769, 729, 555, 안녕하세요. 반갑습니다. 반갑습니다.
946, 854, 1084, 1179, 627, 732, 672, 592, 안녕하세요. 반갑습니다.
621, 818, 962, 845, 486, 542, 650, 456, 안녕하세요. 반갑습니다.
698, 826, 1086, 1107, 480, 635, 687, 560, 안녕하세요. 반갑습니다.
1005, 882, 1246, 1244, 525, 617, 585, 440, 누구세요.
803, 650, 878, 1073, 427, 587, 518, 398, 누구세요.
528, 616, 930, 884, 639, 748, 651, 619, 안녕하세요. 반갑습니다. 반갑습니다. 반갑습니다.
648, 610, 1086, 1016, 576, 616, 688, 477, 안녕하세요. 반갑습니다. 반갑습니다. 반갑습니다.
733, 834, 1000, 1056, 286, 530, 433, 359, 안녕하세요. 반갑습니다.
715, 795, 1019, 1064, 344, 486, 525, 434, 안녕하세요. 반갑습니다. 반갑습니다.
876, 941, 1155, 1056, 588, 719, 626, 601, 안녕하세요. 반갑습니다. 반갑습니다.
1147, 1105, 1333, 1376, 395, 556, 507, 449, 누구세요.
843, 863, 1118, 1028, 570, 736, 788, 655, 안녕하세요. 반갑습니다. 반갑습니다. 반갑습니다.
821, 1011, 1225, 1145, 403, 486, 571, 437, 안녕하세요. 반갑습니다.
866, 905, 1120, 1244, 364, 577, 561, 426, 안녕하세요. 반갑습니다.
734, 813, 939, 979, 552, 720, 766, 623, 안녕하세요. 반갑습니다. 반갑습니다.
1016, 795, 1108, 1269, 348, 418, 476, 300, 누구세요.
605, 754, 954, 943, 309, 445, 485, 385, 안녕하세요. 반갑습니다.
713, 674, 946, 972, 360, 572, 514, 346, 안녕하세요. 반갑습니다. 반갑습니다.
1056, 1008, 1227, 1329, 488, 663, 619, 463, 안녕하세요. 반갑습니다. 반갑습니다. 반갑습니다.
819, 865, 1046, 1033, 334, 444, 465, 351, 누구세요.
585, 689, 911, 978, 437, 633, 643, 531, 안녕하세요. 반갑습니다.
1106, 999, 1143, 1304, 603, 703, 705, 607, 누구세요.
1002, 799, 1146, 1077, 430, 577, 563, 497, 누구세요.
1071, 987, 1247, 1385, 622, 708, 747, 560, 안녕하세요. 반갑습니다. 반갑습니다. 반갑습니다.
892, 902, 1074, 1088, 429, 520, 445, 323, 안녕하세요. 반갑습니다.
771, 796, 922, 969, 476, 564, 595, 449, 안녕하세요. 반갑습니다. 반갑습니다.
644, 701, 1027, 1021, 447, 569, 522, 365, 안녕하세요. 반갑습니다. 반갑습니다.
776, 729, 1189, 1058, 450, 635, 633, 491, 안녕하세요. 반갑습니다. 반갑습니다. 반갑습니다.
727, 655, 936, 804, 428, 536, 610, 388, 안녕하세요. 반갑습니다.
571, 523, 897, 781, 399, 596, 574, 502, 누구세요.
777, 907, 1174, 1179, 634, 689, 725, 614, 안녕하세요. 반갑습니다. 반갑습니다. 반갑습니다.
969, 1115, 1314, 1205, 581, 766, 642, 558, 안녕하세요. 반갑습니다. 반갑습니다.
1043, 861, 1274, 1093, 557, 793, 742, 591, 안녕하세요. 반갑습니다. 반갑습니다.
827, 882, 1110, 1212, 643, 771, 714, 575, 누구세요.
742, 792, 924, 978, 322, 561, 474, 390, 안녕하세요. 반갑습니다. 반갑습니다. 반갑습니다.
728, 645, 797, 986, 523, 617, 591, 428, 안녕하세요. 반갑습니다. 반갑습니다.
745, 571, 987, 819, 522, 662, 694, 529, 누구세요.
731, 779, 935, 1046, 477, 583, 568, 475, 누구세요.
912, 1087, 1195, 1249, 407, 544, 585, 500, 안녕하세요. 반갑습니다. 반갑습니다.
771, 840, 1009, 1151, 443, 562, 639, 408, 안녕하세요. 반갑습니다.
628, 681, 974, 839, 350, 565, 593, 370, 안녕하세요. 반갑습니다. 반갑습니다.
961, 1008, 1291, 1285, 610, 765, 669, 509, 누구세요.
762, 859, 1010, 1116, 434, 611, 613, 435, 안녕하세요. 반갑습니다. 반갑습니다.
779, 894, 1106, 1090, 450, 703, 612, 540, 안녕하세요. 반갑습니다. 반갑습니다.
1088, 1062, 1241, 1388, 374, 575, 537, 435, 누구세요.
621, 630, 891, 893, 511, 697, 578, 456, 안녕하세요. 반갑습니다.
1152, 983, 1287, 1214, 618, 670, 716, 620, 누구세요.
702, 815, 1003, 1007, 447, 656, 590, 390, 안녕하세요. 반갑습니다.
1142, 934, 1330, 1298, 461, 632, 624, 483, 안녕하세요. 반갑습니다.
626, 622, 936, 996, 572, 665, 588, 504, 안녕하세요. 반갑습니다. 반갑습니다.
1136, 1008, 1222, 1273, 428, 583, 586, 439, 안녕하세요. 반갑습니다. 반갑습니다.
655, 820, 867, 1010, 445, 459, 462, 424, 안녕하세요. 반갑습니다.
570, 626, 854, 880, 561, 713, 766, 574, 안녕하세요. 반갑습니다.
628, 642, 832, 945, 391, 459, 451, 351, 안녕하세요. 반갑습니다. 반갑습니다.
1007, 992, 1322, 1305, 494, 635, 655, 542, 안녕하세요. 반갑습니다. 반갑습니다.
969, 834, 1093, 1206, 417, 524, 499, 390, 안녕하세요. 반갑습니다.
819, 639, 1060, 958, 540, 663, 622, 524, 안녕하세요. 반갑습니다. 반갑습니다.
502, 519, 795, 797, 407, 513, 537, 329, 안녕하세요. 반갑습니다. 반갑습니다. 반갑습니다.
657, 725, 912, 803, 446, 620, 679, 539, 안녕하세요. 반갑습니다. 반갑습니다. 반갑습니다.
846, 845, 1166, 1056, 498, 636, 516, 441, 안녕하세요. 반갑습니다. 반갑습니다. 반갑습니다.
763, 667, 1057, 875, 350, 578, 508, 339, 안녕하세요. 반갑습니다. 반갑습니다.
806, 844, 1056, 1260, 512, 534, 616, 421, 안녕하세요. 반갑습니다. 반갑습니다. 반갑습니다.
647, 734, 931, 889, 367, 538, 468, 398, 안녕하세요. 반갑습니다. 반갑습니다. 반갑습니다.
957, 1113, 1217, 1159, 325, 460, 424, 356, 안녕하세요. 반갑습니다. 반갑습니다. 반갑습니다.
907, 830, 967, 1127, 500, 649, 639, 540, 안녕하세요. 반갑습니다.
981, 949, 1264, 1088, 478, 580, 567, 480, 누구세요.
907, 843, 1085, 1187, 579, 688, 599, 508, 안녕하세요. 반갑습니다. 반갑습니다. 반갑습니다.
593, 761, 965, 934, 521, 581, 576, 532, 누구세요.
803, 820, 1123, 981, 509, 601, 614, 579, 안녕하세요. 반갑습니다. 반갑습니다. 반갑습니다.
1040, 964, 1318, 1192, 633, 737, 703, 632, 안녕하세요. 반갑습니다. 반갑습니다.
739, 919, 1070, 999, 458, 478, 476, 390, 안녕하세요. 반갑습니다. 반갑습니다.
1046, 931, 1158, 1168, 421, 504, 549, 446, 안녕하세요. 반갑습니다. 반갑습니다.
793, 798, 921, 866, 589, 755, 730, 560, 누구세요.
1080, 1143, 1311, 1248, 635, 639, 659, 544, 안녕하세요. 반갑습니다. 반갑습니다. 반갑습니다.
1097, 1042, 1160, 1168, 342, 495, 485, 331, 누구세요.
943, 969, 1250, 1375, 388, 537, 527, 495, 안녕하세요. 반갑습니다. 반갑습니다.
1096, 1021, 1230, 1242, 623, 775, 691, 650, 안녕하세요. 반갑습니다. 반갑습니다. 반갑습니다.
957, 859, 1146, 1080, 443, 605, 589, 461, 안녕하세요. 반갑습니다.
954, 997, 1171, 1187, 493, 506, 585, 372, 안녕하세요. 반갑습니다. 반갑습니다.
797, 805, 856, 1071, 334, 535, 582, 322, 누구세요.
873, 954, 1039, 1026, 405, 452, 485, 315, 안녕하세요. 반갑습니다. 반갑습니다.
767, 665, 914, 1058, 546, 642, 586, 555, 안녕하세요. 반갑습니다. 반갑습니다.
711, 641, 1010, 964, 611, 677, 659, 542, 누구세요.
738, 540, 759, 949, 382, 420, 450, 291, 누구세요.
762, 752, 992, 1001, 490, 605, 642, 488, 누구세요.
789, 657, 859, 1001, 623, 662, 786, 648, 안녕하세요. 반갑습니다. 반갑습니다.
782, 771, 1024, 904, 561, 739, 660, 564, 안녕하세요. 반갑습니다.
695, 718, 1084, 1005, 535, 676, 629, 482, 누구세요.
1016, 971, 1183, 1177, 527, 646, 583, 537, 안녕하세요. 반갑습니다. 반갑습니다. 반갑습니다.
996, 991, 1333, 1277, 435, 583, 577, 414, 안녕하세요. 반갑습니다. 반갑습니다.
1018, 1113, 1182, 1197, 535, 710, 694, 654, 안녕하세요. 반갑습니다. 반갑습니다. 반갑습니다.
1056, 1098, 1265, 1271, 574, 670, 619, 495, 안녕하세요. 반갑습니다. 반갑습니다.
800, 776, 1028, 1068, 437, 472, 484, 413, 안녕하세요. 반갑습니다. 반갑습니다. 반갑습니다.
954, 778, 1070, 1032, 426, 654, 650, 417, 안녕하세요. 반갑습니다. 반갑습니다. 반갑습니다.
715, 718, 1013, 888, 480, 598, 559, 503, 누구세요.
910, 809, 1080, 1097, 474, 598, 601, 562, 안녕하세요. 반갑습니다.
1038, 1066, 1239, 1268, 418, 435, 432, 408, 안녕하세요. 반갑습니다. 반갑습니다. 반갑습니다.
966, 957, 1360, 1270, 586, 613, 667, 528, 안녕하세요. 반갑습니다. 반갑습니다.
1074, 964, 1383, 1223, 578, 762, 760, 644, 안녕하세요. 반갑습니다.
1014, 1065, 1210, 1231, 529, 625, 638, 493, 안녕하세요. 반갑습니다.
836, 653, 917, 1111, 371, 464, 533, 343, 안녕하세요. 반갑습니다. 반갑습니다.
669, 628, 798, 835, 490, 599, 645, 485, 안녕하세요. 반갑습니다. 반갑습니다. 반갑습니다.
1033, 939, 1388, 1300, 513, 635, 749, 534, 안녕하세요. 반갑습니다. 반갑습니다.
1043, 1068, 1270, 1209, 436, 534, 472, 375, 안녕하세요. 반갑습니다. 반갑습니다.
950, 771, 1224, 1111, 469, 515, 505, 421, 안녕하세요. 반갑습니다. 반갑습니다.
924, 796, 1158, 1161, 429, 562, 576, 424, 안녕하세요. 반갑습니다.
664, 803, 956, 1028, 571, 720, 659, 499, 안녕하세요. 반갑습니다. 반갑습니다.
1020, 988, 1113, 1212, 334, 472, 444, 308, 안녕하세요. 반갑습니다. 반갑습니다. 반갑습니다.
747, 895, 1044, 1037, 547, 782, 689, 579, 안녕하세요. 반갑습니다.
888, 906, 1197, 1253, 626, 706, 681, 507, 안녕하세요. 반갑습니다.
951, 843, 1237, 1194, 469, 609, 572, 482, 안녕하세요. 반갑습니다. 반갑습니다.
662, 574, 950, 793, 368, 577, 498, 370, 누구세요.
1040, 880, 1080, 1183, 450, 478, 462, 350, 누구세요.
933, 1111, 1206, 1210, 444, 661, 579, 458, 안녕하세요. 반갑습니다. 반갑습니다. 반갑습니다.
797, 953, 1191, 1247, 405, 508, 484, 309, 안녕하세요. 반갑습니다. 반갑습니다.
948, 943, 1195, 1172, 538, 551, 653, 536, 안녕하세요. 반갑습니다. 반갑습니다. 반갑습니다.
948, 814, 1055, 1057, 477, 671, 624, 570, 안녕하세요. 반갑습니다. 반갑습니다. 반갑습니다.
650, 791, 944, 1005, 547, 786, 703, 627, 안녕하세요. 반갑습니다. 반갑습니다.
886, 829, 1062, 1234, 610, 727, 760, 506, 안녕하세요. 반갑습니다.
805, 738, 904, 927, 379, 541, 550, 390, 안녕하세요. 반갑습니다. 반갑습니다. 반갑습니다.
1043, 946, 1182, 1225, 595, 783, 725, 564, 안녕하세요. 반갑습니다.
857, 934, 1062, 1156, 519, 757, 666, 512, 안녕하세요. 반갑습니다. 반갑습니다.
921, 857, 1047, 1111, 390, 555, 480, 443, 안녕하세요. 반갑습니다. 반갑습니다.
1143, 1126, 1255, 1314, 589, 702, 769, 638, 안녕하세요. 반갑습니다. 반갑습니다. 반갑습니다.
1001, 1061, 1110, 1113, 483, 654, 653, 430, 누구세요.
911, 748, 1158, 1178, 340, 501, 583, 357, 누구세요.
532, 660, 802, 766, 428, 503, 569, 352, 안녕하세요. 반갑습니다.
770, 646, 903, 986, 553, 655, 720, 523, 누구세요.
759, 910, 1029, 1103, 325, 528, 491, 329, 안녕하세요. 반갑습니다. 반갑습니다. 반갑습니다.
966, 1063, 1293, 1251, 390, 543, 544, 413, 안녕하세요. 반갑습니다. 반갑습니다.
811, 880, 1075, 1238, 529, 677, 619, 546, 안녕하세요. 반갑습니다.
772, 834, 1198, 997, 468, 507, 539, 475, 누구세요.
884, 982, 1302, 1100, 561, 741, 670, 604, 안녕하세요. 반갑습니다. 반갑습니다. 반갑습니다.
746, 759, 1079, 1064, 541, 740, 767, 542, 누구세요.
916, 820, 1002, 1136, 564, 754, 670, 581, 안녕하세요. 반갑습니다.
722, 845, 1126, 1016, 554, 758, 756, 503, 누구세요.
734, 526, 864, 857, 439, 577, 604, 415, 안녕하세요. 반갑습니다.
606, 793, 863, 950, 483, 722, 610, 554, 안녕하세요. 반갑습니다. 반갑습니다. 반갑습니다.
806, 917, 1018, 1146, 426, 441, 443, 403, 안녕하세요. 반갑습니다. 반갑습니다.
1046, 915, 1158, 1165, 391, 452, 556, 392, 안녕하세요. 반갑습니다.
959, 981, 1161, 1292, 524, 673, 782, 517, 누구세요.
655, 720, 937, 959, 570, 600, 665, 514, 안녕하세요. 반갑습니다.
691, 581, 979, 819, 608, 679, 651, 607, 안녕하세요. 반갑습니다.
625, 695, 782, 995, 323, 433, 417, 299, 안녕하세요. 반갑습니다. 반갑습니다. 반갑습니다.
749, 786, 1024, 882, 599, 721, 637, 527, 누구세요.
743, 814, 1200, 1016, 474, 542, 610, 401, 안녕하세요. 반갑습니다. 반갑습니다.
1031, 998, 1310, 1311, 534, 759, 684, 576, 누구세요.
773, 808, 1089, 933, 630, 788, 723, 582, 안녕하세요. 반갑습니다. 반갑습니다. 반갑습니다.
957, 1057, 1112, 1137, 534, 777, 673, 580, 안녕하세요. 반갑습니다. 반갑습니다. 반갑습니다.
1137, 1141, 1383, 1326, 382, 571, 567, 343, 안녕하세요. 반갑습니다.
882, 891, 967, 1056, 594, 777, 668, 635, 누구세요.
1085, 1181, 1333, 1340, 468, 623, 569, 480, 안녕하세요. 반갑습니다. 반갑습니다.
701, 824, 1020, 941, 465, 664, 625, 452, 안녕하세요. 반갑습니다. 반갑습니다. 반갑습니다.
936, 960, 1210, 1264, 613, 758, 645, 581, 안녕하세요. 반갑습니다.
654, 651, 943, 787, 449, 709, 613, 464, 안녕하세요. 반갑습니다. 반갑습니다.
616, 629, 951, 907, 513, 589, 584, 446, 안녕하세요. 반갑습니다. 반갑습니다.
792, 690, 938, 960, 402, 616, 566, 408, 안녕하세요. 반갑습니다. 반갑습니다.
1086, 980, 1199, 1203, 516, 584, 573, 434, 안녕하세요. 반갑습니다.
1010, 902, 1194, 1204, 531, 664, 592, 485, 누구세요.
726, 790, 899, 972, 341, 465, 516, 379, 누구세요.
532, 608, 954, 789, 295, 423, 495, 306, 누구세요.
672, 747, 1020, 1075, 427, 578, 538, 440, 누구세요.
1064, 1019, 1129, 1144, 485, 597, 631, 513, 누구세요.
750, 746, 1083, 971, 427, 588, 525, 414, 안녕하세요. 반갑습니다. 반갑습니다.
1044, 1054, 1317, 1158, 306, 478, 476, 289, 안녕하세요. 반갑습니다.
654, 612, 925, 927, 507, 699, 679, 582, 안녕하세요. 반갑습니다. 반갑습니다. 반갑습니다.
1058, 1123, 1221, 1411, 553, 739, 761, 607, 안녕하세요. 반갑습니다. 반갑습니다. 반갑습니다.
1020, 980, 1385, 1353, 360, 561, 533, 367, 안녕하세요. 반갑습니다. 반갑습니다. 반갑습니다.
859, 746, 1067, 1045, 472, 617, 572, 531, 누구세요.
726, 745, 948, 934, 392, 448, 518, 333, 안녕하세요. 반갑습니다. 반갑습니다.
605, 538, 868, 775, 390, 516, 482, 337, 안녕하세요. 반갑습니다.
875, 807, 1008, 967, 584, 729, 782, 600, 안녕하세요. 반갑습니다.
704, 777, 820, 853, 368, 508, 510, 415, 누구세요.
701, 661, 979, 847, 602, 611, 624, 498, 누구세요.
970, 1094, 1146, 1225, 403, 522, 439, 404, 누구세요.
531, 597, 819, 750, 389, 607, 609, 372, 안녕하세요. 반갑습니다. 반갑습니다. 반갑습니다.
559, 710, 1022, 821, 473, 725, 655, 542, 안녕하세요. 반갑습니다. 반갑습니다. 반갑습니다.
946, 872, 1113, 1240, 535, 669, 618, 465, 누구세요.
1039, 1103, 1209, 1242, 471, 647, 631, 478, 안녕하세요. 반갑습니다. 반갑습니다. 반갑습니다.
702, 579, 1002, 826, 516, 654, 628, 467, 안녕하세요. 반갑습니다. 반갑습니다.
783, 760, 847, 970, 392, 484, 524, 317, 안녕하세요. 반갑습니다.
752, 820, 1095, 1088, 577, 698, 650, 506, 안녕하세요. 반갑습니다.
1086, 1089, 1239, 1231, 406, 502, 522, 463, 안녕하세요. 반갑습니다. 반갑습니다. 반갑습니다.
934, 1145, 1290, 1252, 523, 716, 684, 573, 안녕하세요. 반갑습니다. 반갑습니다. 반갑습니다.
1010, 969, 1166, 1104, 452, 587, 458, 428, 안녕하세요. 반갑습니다. 반갑습니다. 반갑습니다.
982, 1019, 1049, 1288, 540, 668, 662, 464, 안녕하세요. 반갑습니다.
1015, 907, 1053, 1247, 441, 582, 492, 341, 안녕하세요. 반갑습니다.
949, 1076, 1371, 1200, 393, 490, 434, 365, 안녕하세요. 반갑습니다. 반갑습니다.
859, 1017, 1094, 1247, 297, 468, 482, 357, 안녕하세요. 반갑습니다. 반갑습니다. 반갑습니다.
810, 865, 889, 952, 520, 614, 594, 433, 안녕하세요. 반갑습니다. 반갑습니다.
1131, 1022, 1174, 1283, 495, 601, 671, 511, 안녕하세요. 반갑습니다. 반갑습니다.
1024, 970, 1344, 1268, 624, 683, 691, 557, 안녕하세요. 반갑습니다. 반갑습니다.
761, 765, 944, 975, 618, 665, 702, 539, 안녕하세요. 반갑습니다. 반갑습니다. 반갑습니다.
671, 851, 942, 882, 369, 521, 438, 296, 안녕하세요. 반갑습니다.
846, 936, 1198, 1106, 592, 695, 787, 637, 누구세요.
534, 587, 850, 781, 522, 717, 725, 547, 안녕하세요. 반갑습니다.
775, 819, 1128, 1126, 465, 652, 614, 479, 안녕하세요. 반갑습니다.
649, 786, 982, 941, 516, 690, 640, 473, 안녕하세요. 반갑습니다. 반갑습니다. 반갑습니다.
763, 655, 1070, 977, 323, 552, 561, 396, 누구세요.
956, 899, 1272, 1239, 336, 533, 487, 395, 안녕하세요. 반갑습니다.
818, 872, 1285, 1287, 434, 469, 445, 313, 안녕하세요. 반갑습니다. 반갑습니다.
1018, 858, 1233, 1094, 584, 752, 675, 589, 누구세요.
991, 1084, 1190, 1375, 451, 579, 675, 519, 누구세요.
1129, 1094, 1398, 1333, 597, 741, 716, 569, 안녕하세요. 반갑습니다.
578, 725, 1044, 897, 482, 575, 586, 524, 안녕하세요. 반갑습니다. 반갑습니다.
685, 738, 943, 837, 498, 540, 527, 414, 누구세요.
926, 956, 1222, 1221, 515, 674, 775, 619, 안녕하세요. 반갑습니다. 반갑습니다.
1071, 960, 1302, 1352, 311, 503, 511, 370, 안녕하세요. 반갑습니다. 반갑습니다.
736, 591, 1009, 932, 481, 640, 695, 595, 안녕하세요. 반갑습니다. 반갑습니다. 반갑습니다.
646, 658, 996, 944, 453, 580, 581, 371, 안녕하세요. 반갑습니다. 반갑습니다. 반갑습니다.
701, 713, 945, 812, 349, 571, 591, 380, 안녕하세요. 반갑습니다. 반갑습니다.
987, 877, 1143, 1041, 418, 479, 474, 298, 누구세요.
683, 721, 869, 993, 505, 748, 674, 554, 안녕하세요. 반갑습니다. 반갑습니다.
903, 1003, 1212, 1203, 509, 652, 684, 483, 안녕하세요. 반갑습니다. 반갑습니다. 반갑습니다.
975, 844, 1134, 1240, 407, 610, 611, 503, 안녕하세요. 반갑습니다.
1035, 1059, 1212, 1223, 506, 614, 722, 488, 안녕하세요. 반갑습니다. 반갑습니다.
762, 793, 1120, 1136, 620, 684, 719, 553, 안녕하세요. 반갑습니다.
833, 735, 937, 880, 428, 461, 473, 396, 안녕하세요. 반갑습니다.
956, 966, 1117, 1132, 388, 468, 557, 460, 누구세요.
534, 711, 1004, 952, 538, 587, 645, 498, 안녕하세요. 반갑습니다.
774, 771, 1202, 1017, 562, 759, 743, 643, 누구세요.
849, 1043, 1072, 1274, 624, 739, 720, 546, 안녕하세요. 반갑습니다. 반갑습니다. 반갑습니다.
760, 698, 1045, 960, 614, 741, 699, 609, 안녕하세요. 반갑습니다. 반갑습니다. 반갑습니다.
1036, 948, 1169, 1132, 311, 569, 536, 358, 누구세요.
859, 801, 1000, 1039, 406, 626, 510, 439, 안녕하세요. 반갑습니다. 반갑습니다.
807, 747, 1070, 1117, 499, 655, 668, 516, 안녕하세요. 반갑습니다. 반갑습니다.
955, 941, 1041, 1050, 473, 660, 643, 596, 안녕하세요. 반갑습니다.
1097, 992, 1339, 1325, 501, 606, 594, 386, 안녕하세요. 반갑습니다. 반갑습니다. 반갑습니다.
867, 993, 1165, 1260, 448, 633, 612, 497, 안녕하세요. 반갑습니다. 반갑습니다. 반갑습니다.
784, 891, 1170, 1081, 385, 529, 496, 393, 누구세요.
1033, 1039, 1288, 1295, 414, 578, 554, 368, 안녕하세요. 반갑습니다.
718, 646, 986, 945, 608, 666, 662, 592, 안녕하세요. 반갑습니다. 반갑습니다.
924, 876, 1054, 1039, 418, 536, 517, 428, 누구세요.
716, 646, 990, 969, 535, 758, 663, 639, 누구세요.
668, 843, 982, 1068, 581, 618, 680, 601, 안녕하세요. 반갑습니다.
696, 661, 905, 937, 604, 688, 614, 598, 안녕하세요. 반갑습니다. 반갑습니다.
952, 901, 1194, 1080, 584, 639, 677, 535, 안녕하세요. 반갑습니다.
1000, 950, 1221, 1182, 583, 645, 637, 620, 안녕하세요. 반갑습니다.
613, 705, 905, 1053, 412, 514, 610, 395, 누구세요.
959, 949, 1402, 1299, 495, 599, 665, 538, 안녕하세요. 반갑습니다.
970, 988, 1171, 1040, 641, 782, 781, 574, 누구세요.
864, 739, 1081, 993, 506, 578, 632, 393, 누구세요.
797, 778, 1118, 989, 669, 705, 775, 547, 안녕하세요. 반갑습니다. 반갑습니다. 반갑습니다.
742, 769, 1064, 914, 586, 676, 698, 627, 누구세요.
848, 751, 1119, 1096, 391, 551, 500, 352, 안녕하세요. 반갑습니다.
739, 736, 1050, 947, 550, 662, 682, 482, 안녕하세요. 반갑습니다.
688, 605, 889, 840, 375, 610, 556, 502, 안녕하세요. 반갑습니다. 반갑습니다. 반갑습니다.
859, 792, 1025, 1067, 552, 719, 721, 583, 안녕하세요. 반갑습니다. 반갑습니다.
861, 824, 1163, 1063, 426, 498, 541, 384, 안녕하세요. 반갑습니다. 반갑습니다. 반갑습니다.
844, 806, 1024, 1038, 526, 584, 617, 521, 안녕하세요. 반갑습니다.
824, 832, 935, 1140, 325, 502, 547, 330, 안녕하세요. 반갑습니다. 반갑습니다.
1143, 954, 1237, 1406, 336, 503, 474, 423, 누구세요.
906, 993, 1202, 1139, 483, 680, 687, 597, 안녕하세요. 반갑습니다.
758, 693, 878, 962, 335, 540, 441, 375, 안녕하세요. 반갑습니다.
856, 824, 1038, 1091, 567, 582, 640, 561, 안녕하세요. 반갑습니다.
572, 711, 886, 896, 560, 674, 697, 466, 안녕하세요. 반갑습니다. 반갑습니다. 반갑습니다.
789, 945, 1145, 1250, 410, 550, 508, 308, 안녕하세요. 반갑습니다.
751, 675, 911, 1066, 593, 659, 748, 571, 누구세요.
1048, 994, 1160, 1161, 274, 454, 412, 309, 누구세요.
832, 865, 1026, 1041, 386, 447, 441, 377, 안녕하세요. 반갑습니다. 반갑습니다. 반갑습니다.
724, 750, 1012, 919, 568, 677, 765, 543, 안녕하세요. 반갑습니다. 반갑습니다.
545, 710, 977, 932, 410, 523, 474, 340, 안녕하세요. 반갑습니다. 반갑습니다. 반갑습니다.
1018, 1045, 1211, 1202, 371, 581, 514, 425, 안녕하세요. 반갑습니다.
816, 828, 1161, 1082, 422, 496, 548, 464, 안녕하세요. 반갑습니다. 반갑습니다.
1030, 986, 1299, 1299, 480, 584, 582, 432, 누구세요.
948, 1059, 1126, 1341, 410, 482, 502, 326, 안녕하세요. 반갑습니다. 반갑습니다. 반갑습니다.
651, 627, 979, 873, 454, 516, 551, 388, 안녕하세요. 반갑습니다. 반갑습니다.
879, 821, 977, 1053, 504, 538, 544, 494, 안녕하세요. 반갑습니다.
746, 640, 813, 870, 594, 666, 681, 612, 누구세요.
835, 693, 924, 997, 466, 652, 667, 487, 안녕하세요. 반갑습니다. 반갑습니다. 반갑습니다.
1040, 950, 1308, 1245, 612, 730, 724, 591, 안녕하세요. 반갑습니다. 반갑습니다. 반갑습니다.
785, 908, 1098, 1197, 548, 718, 786, 545, 안녕하세요. 반갑습니다. 반갑습니다. 반갑습니다.
790, 723, 873, 821, 597, 743, 640, 596, 안녕하세요. 반갑습니다.
560, 667, 860, 895, 365, 475, 462, 316, 누구세요.
806, 747, 1133, 1010, 508, 724, 703, 550, 안녕하세요. 반갑습니다.
1106, 1079, 1309, 1142, 375, 504, 521, 354, 누구세요.
961, 1005, 1182, 1242, 511, 568, 661, 532, 안녕하세요. 반갑습니다.
971, 987, 1263, 1261, 412, 422, 430, 371, 누구세요.
779, 954, 1141, 1208, 360, 598, 502, 486, 안녕하세요. 반갑습니다. 반갑습니다. 반갑습니다.
1005, 1022, 1401, 1324, 436, 545, 578, 454, 안녕하세요. 반갑습니다.
784, 774, 1191, 1177, 510, 667, 680, 569, 안녕하세요. 반갑습니다.
991, 920, 1212, 1240, 420, 467, 502, 434, 안녕하세요. 반갑습니다. 반갑습니다.
729, 937, 1164, 993, 363, 456, 565, 363, 안녕하세요. 반갑습니다.
596, 661, 920, 928, 519, 669, 647, 478, 안녕하세요. 반갑습니다. 반갑습니다.
857, 972, 1241, 1013, 613, 666, 774, 551, 안녕하세요. 반갑습니다. 반갑습니다.
932, 864, 1034, 1068, 405, 542, 539, 358, 안녕하세요. 반갑습니다. 반갑습니다.
967, 1121, 1335, 1326, 396, 484, 505, 409, 누구세요.
999, 972, 1298, 1275, 577, 661, 784, 602, 안녕하세요. 반갑습니다.
741, 704, 954, 1075, 479, 579, 573, 376, 누구세요.
811, 623, 895, 827, 536, 656, 709, 460, 안녕하세요. 반갑습니다.
516, 635, 782, 783, 591, 673, 682, 490, 안녕하세요. 반갑습니다. 반갑습니다. 반갑습니다.
830, 655, 994, 1040, 483, 543, 601, 486, 누구세요.
928, 1013, 1257, 1289, 598, 697, 747, 570, 누구세요.
619, 699, 724, 753, 405, 587, 524, 462, 누구세요.
785, 705, 1007, 1032, 537, 628, 566, 447, 안녕하세요. 반갑습니다.
915, 823, 1155, 1142, 427, 554, 482, 459, 안녕하세요. 반갑습니다. 반갑습니다.
840, 784, 1137, 1109, 469, 592, 565, 514, 누구세요.
614, 841, 968, 1034, 433, 444, 529, 441, 안녕하세요. 반갑습니다. 반갑습니다.
1098, 1067, 1157, 1270, 411, 660, 648, 427, 안녕하세요. 반갑습니다. 반갑습니다.
669, 774, 1036, 953, 504, 706, 662, 584, 안녕하세요. 반갑습니다. 반갑습니다.
1090, 1065, 1404, 1249, 486, 624, 684, 558, 누구세요.
827, 687, 957, 891, 466, 610, 622, 504, 안녕하세요. 반갑습니다. 반갑습니다. 반갑습니다.
966, 1065, 1186, 1126, 407, 552, 537, 358, 안녕하세요. 반갑습니다.
543, 537, 917, 943, 459, 588, 497, 339, 안녕하세요. 반갑습니다. 반갑습니다.
801, 607, 1067, 931, 639, 651, 749, 559, 안녕하세요. 반갑습니다.
693, 880, 1018, 1062, 578, 685, 709, 569, 안녕하세요. 반갑습니다. 반갑습니다. 반갑습니다.
759, 862, 1172, 985, 631, 687, 688, 625, 안녕하세요. 반갑습니다. 반갑습니다.
730, 732, 1096, 954, 545, 685, 660, 553, 누구세요.
1029, 1056, 1210, 1300, 382, 516, 524, 484, 안녕하세요. 반갑습니다. 반갑습니다.
963, 1022, 1167, 1059, 421, 577, 668, 435, 안녕하세요. 반갑습니다. 반갑습니다. 반갑습니다.
750, 807, 1088, 1000, 610, 785, 711, 593, 누구세요.
664, 744, 901, 997, 299, 419, 484, 308, 안녕하세요. 반갑습니다. 반갑습니다. 반갑습니다.
1023, 903, 1221, 1193, 549, 608, 641, 427, 누구세요.
697, 852, 920, 1000, 586, 801, 807, 661, 안녕하세요. 반갑습니다. 반갑습니다. 반갑습니다.
982, 875, 1000, 1230, 369, 483, 435, 388, 안녕하세요. 반갑습니다. 반갑습니다.
532, 599, 997, 799, 437, 606, 555, 512, 안녕하세요. 반갑습니다. 반갑습니다.
655, 670, 901, 1013, 532, 587, 607, 502, 안녕하세요. 반갑습니다. 반갑습니다.
614, 700, 972, 935, 425, 657, 663, 480, 안녕하세요. 반갑습니다. 반갑습니다. 반갑습니다.
951, 1001, 1243, 1046, 468, 674, 580, 498, 안녕하세요. 반갑습니다. 반갑습니다.
792, 815, 837, 887, 441, 567, 562, 449, 안녕하세요. 반갑습니다. 반갑습니다.
890, 926, 1295, 1330, 363, 541, 572, 444, 안녕하세요. 반갑습니다. 반갑습니다.
527, 646, 924, 764, 427, 559, 548, 385, 안녕하세요. 반갑습니다.
679, 727, 1093, 993, 346, 464, 452, 322, 안녕하세요. 반갑습니다. 반갑습니다.
741, 808, 1130, 1009, 483, 639, 574, 439, 안녕하세요. 반갑습니다. 반갑습니다. 반갑습니다.
633, 599, 946, 806, 378, 455, 518, 312, 안녕하세요. 반갑습니다. 반갑습니다.
1016, 1016, 1193, 1038, 593, 748, 735, 616, 안녕하세요. 반갑습니다.
862, 917, 1221, 1290, 464, 636, 679, 477, 안녕하세요. 반갑습니다. 반갑습니다.
833, 669, 1020, 1022, 430, 632, 646, 497, 안녕하세요. 반갑습니다. 반갑습니다.
887, 831, 1007, 955, 555, 633, 561, 471, 누구세요.
989, 1080, 1254, 1124, 496, 670, 672, 465, 누구세요.
827, 744, 961, 1036, 547, 777, 661, 568, 누구세요.
890, 1047, 1275, 1258, 318, 513, 496, 315, 안녕하세요. 반갑습니다. 반갑습니다.
928, 991, 1335, 1388, 403, 506, 544, 391, 누구세요.
983, 984, 1414, 1321, 556, 661, 663, 512, 누구세요.
917, 928, 1129, 1173, 508, 740, 761, 510, 안녕하세요. 반갑습니다. 반갑습니다.
862, 662, 1085, 886, 363, 559, 560, 416, 안녕하세요. 반갑습니다.
836, 979, 1193, 1224, 354, 456, 562, 448, 누구세요.
669, 570, 956, 801, 632, 729, 660, 597, 누구세요.
1045, 1077, 1299, 1252, 403, 579, 576, 444, 안녕하세요. 반갑습니다.
721, 852, 1056, 1004, 630, 734, 695, 582, 안녕하세요. 반갑습니다.
700, 848, 1138, 1095, 419, 561, 441, 356, 안녕하세요. 반갑습니다. 반갑습니다.
1119, 945, 1254, 1144, 537, 724, 694, 531, 안녕하세요. 반갑습니다. 반갑습니다.
682, 673, 1069, 984, 389, 594, 549, 426, 안녕하세요. 반갑습니다. 반갑습니다.
1026, 883, 1119, 1055, 553, 733, 752, 568, 안녕하세요. 반갑습니다. 반갑습니다.
511, 645, 743, 930, 494, 634, 629, 525, 안녕하세요. 반갑습니다.
746, 788, 1114, 995, 625, 772, 661, 612, 누구세요.
1161, 1091, 1214, 1324, 430, 633, 597, 486, 안녕하세요. 반갑습니다. 반갑습니다.
1046, 1063, 1299, 1313, 603, 731, 753, 560, 안녕하세요. 반갑습니다. 반갑습니다. 반갑습니다.
1148, 1028, 1164, 1360, 428, 566, 609, 384, 안녕하세요. 반갑습니다. 반갑습니다.
1048, 1109, 1316, 1263, 654, 752, 777, 543, 누구세요.
807, 878, 961, 1023, 581, 681, 684, 563, 안녕하세요. 반갑습니다. 반갑습니다.
1003, 1129, 1317, 1260, 609, 639, 668, 521, 안녕하세요. 반갑습니다.
689, 801, 1148, 1035, 447, 563, 614, 369, 안녕하세요. 반갑습니다.
562, 678, 889, 970, 407, 500, 517, 279, 안녕하세요. 반갑습니다. 반갑습니다. 반갑습니다.
727, 842, 898, 1024, 433, 552, 558, 348, 안녕하세요. 반갑습니다. 반갑습니다. 반갑습니다.
754, 710, 850, 853, 346, 530, 457, 316, 안녕하세요. 반갑습니다. 반갑습니다.
1131, 1068, 1297, 1414, 401, 485, 486, 336, 안녕하세요. 반갑습니다.
832, 686, 1015, 1041, 599, 650, 660, 549, 안녕하세요. 반갑습니다. 반갑습니다.
621, 596, 1003, 1006, 501, 518, 566, 470, 누구세요.
906, 846, 1065, 1143, 477, 651, 627, 433, 안녕하세요. 반갑습니다. 반갑습니다.
734, 783, 999, 916, 536, 583, 647, 445, 안녕하세요. 반갑습니다.
718, 825, 1084, 950, 487, 698, 597, 487, 안녕하세요. 반갑습니다. 반갑습니다. 반갑습니다.
777, 904, 942, 980, 489, 625, 558, 468, 안녕하세요. 반갑습니다. 반갑습니다. 반갑습니다.
762, 814, 1152, 1011, 314, 494, 464, 358, 안녕하세요. 반갑습니다. 반갑습니다. 반갑습니다.
841, 622, 945, 890, 534, 684, 726, 575, 안녕하세요. 반갑습니다.
1003, 1005, 1328, 1368, 414, 579, 624, 366, 안녕하세요. 반갑습니다.
719, 716, 897, 932, 427, 461, 473, 400, 안녕하세요. 반갑습니다. 반갑습니다. 반갑습니다.
997, 992, 1163, 1338, 555, 690, 629, 520, 안녕하세요. 반갑습니다. 반갑습니다.
963, 1021, 1370, 1425, 539, 716, 725, 511, 안녕하세요. 반갑습니다.
625, 531, 787, 848, 345, 542, 573, 387, 누구세요.
896, 951, 1275, 1209, 482, 566, 572, 447, 안녕하세요. 반갑습니다. 반갑습니다.
753, 727, 859, 848, 560, 715, 643, 563, 안녕하세요. 반갑습니다.
907, 993, 1142, 1206, 339, 554, 546, 361, 안녕하세요. 반갑습니다. 반갑습니다. 반갑습니다.
1095, 983, 1302, 1117, 368, 612, 517, 388, 안녕하세요. 반갑습니다. 반갑습니다. 반갑습니다.
1142, 1020, 1273, 1273, 614, 734, 645, 554, 안녕하세요. 반갑습니다.
760, 820, 1059, 964, 332, 448, 468, 424, 누구세요.
635, 634, 1037, 838, 493, 553, 591, 392, 안녕하세요. 반갑습니다. 반갑습니다. 반갑습니다.
941, 928, 1129, 1085, 442, 685, 571, 458, 안녕하세요. 반갑습니다.
621, 658, 967, 769, 412, 543, 581, 424, 안녕하세요. 반갑습니다. 반갑습니다. 반갑습니다.
1038, 925, 1277, 1208, 614, 691, 738, 595, 누구세요.
862, 846, 1000, 1008, 531, 559, 587, 452, 안녕하세요. 반갑습니다.
713, 530, 860, 854, 314, 538, 507, 340, 누구세요.
945, 920, 1107, 1232, 530, 727, 702, 623, 안녕하세요. 반갑습니다. 반갑습니다.
959, 787, 1203, 981, 511, 652, 614, 456, 안녕하세요. 반갑습니다.
824, 615, 1000, 1063, 381, 490, 539, 469, 안녕하세요. 반갑습니다. 반갑습니다.
827, 598, 930, 1005, 494, 695, 717, 592, 안녕하세요. 반갑습니다. 반갑습니다. 반갑습니다.
939, 1132, 1186, 1387, 355, 508, 560, 345, 안녕하세요. 반갑습니다. 반갑습니다.
622, 731, 879, 1023, 487, 581, 555, 409, 안녕하세요. 반갑습니다. 반갑습니다.
670, 589, 932, 972, 443, 608, 594, 488, 안녕하세요. 반갑습니다. 반갑습니다.
1143, 1068, 1246, 1241, 353, 536, 575, 428, 안녕하세요. 반갑습니다. 반갑습니다. 반갑습니다.
1046, 1149, 1270, 1192, 517, 646, 686, 606, 누구세요.
1006, 906, 1173, 1067, 503, 610, 637, 505, 안녕하세요. 반갑습니다. 반갑습니다. 반갑습니다.
1120, 955, 1296, 1142, 538, 697, 589, 499, 누구세요.
771, 818, 1094, 1177, 431, 565, 629, 410, 안녕하세요. 반갑습니다. 반갑습니다. 반갑습니다.
512, 562, 962, 753, 317, 413, 528, 363, 누구세요.
1002, 821, 1143, 1245, 405, 550, 590, 510, 안녕하세요. 반갑습니다.
918, 891, 1184, 1121, 411, 551, 648, 490, 안녕하세요. 반갑습니다.
822, 725, 946, 890, 432, 496, 463, 334, 누구세요.
635, 719, 865, 1008, 463, 560, 550, 458, 누구세요.
1085, 1121, 1371, 1341, 480, 656, 662, 501, 안녕하세요. 반갑습니다. 반갑습니다.
846, 873, 1114, 992, 519, 722, 706, 543, 안녕하세요. 반갑습니다. 반갑습니다.
641, 573, 942, 954, 480, 650, 583, 477, 누구세요.
845, 874, 1119, 1248, 431, 598, 580, 540, 안녕하세요. 반갑습니다.
927, 1046, 1060, 1252, 369, 552, 519, 382, 안녕하세요. 반갑습니다.
829, 805, 1164, 1141, 556, 696, 649, 479, 누구세요.
684, 743, 914, 1001, 425, 607, 554, 428, 안녕하세요. 반갑습니다.
799, 943, 1054, 1151, 528, 576, 681, 529, 안녕하세요. 반갑습니다. 반갑습니다. 반갑습니다.
812, 956, 1022, 1025, 542, 566, 629, 468, 누구세요.
757, 864, 1058, 1113, 649, 684, 765, 649, 안녕하세요. 반갑습니다. 반갑습니다.
649, 562, 961, 939, 307, 493, 462, 347, 누구세요.
1034, 987, 1286, 1115, 427, 507, 550, 312, 안녕하세요. 반갑습니다.
759, 724, 1009, 944, 526, 651, 620, 398, 누구세요.
543, 549, 851, 849, 446, 608, 602, 447, 누구세요.
725, 520, 826, 761, 460, 545, 605, 451, 누구세요.
846, 899, 1211, 1300, 433, 574, 588, 376, 안녕하세요. 반갑습니다.
1076, 959, 1271, 1278, 438, 472, 486, 343, 안녕하세요. 반갑습니다. 반갑습니다.
873, 867, 891, 931, 540, 672, 770, 559, 안녕하세요. 반갑습니다.
675, 608, 972, 1024, 597, 665, 680, 559, 안녕하세요. 반갑습니다. 반갑습니다. 반갑습니다.
927, 746, 1091, 983, 397, 533, 604, 417, 안녕하세요. 반갑습니다. 반갑습니다.
888, 902, 1368, 1156, 474, 707, 640, 595, 안녕하세요. 반갑습니다. 반갑습니다. 반갑습니다.
757, 698, 1039, 1058, 579, 731, 651, 564, 누구세요.
881, 774, 991, 1036, 496, 640, 660, 566, 안녕하세요. 반갑습니다. 반갑습니다.
627, 715, 808, 764, 394, 615, 563, 381, 안녕하세요. 반갑습니다. 반갑습니다. 반갑습니다.
807, 988, 1157, 1174, 619, 704, 694, 619, 안녕하세요. 반갑습니다.
654, 798, 1054, 937, 492, 712, 661, 486, 누구세요.
852, 709, 1070, 1118, 470, 651, 554, 445, 안녕하세요. 반갑습니다. 반갑습니다.
757, 693, 851, 969, 464, 602, 589, 470, 안녕하세요. 반갑습니다. 반갑습니다. 반갑습니다.
813, 724, 1019, 1079, 521, 763, 670, 576, 안녕하세요. 반갑습니다. 반갑습니다. 반갑습니다.
595, 664, 779, 813, 385, 607, 612, 395, 안녕하세요. 반갑습니다. 반갑습니다. 반갑습니다.
825, 782, 898, 946, 380, 531, 518, 326, 안녕하세요. 반갑습니다.
679, 567, 858, 867, 430, 558, 522, 358, 안녕하세요. 반갑습니다. 반갑습니다.
805, 972, 1191, 1212, 613, 719, 725, 587, 안녕하세요. 반갑습니다. 반갑습니다.
860, 875, 1039, 1153, 512, 668, 721, 526, 안녕하세요. 반갑습니다. 반갑습니다. 반갑습니다.
828, 760, 1038, 1160, 543, 723, 769, 597, 안녕하세요. 반갑습니다. 반갑습니다. 반갑습니다.
689, 586, 937, 897, 547, 622, 613, 511, 안녕하세요. 반갑습니다. 반갑습니다.
684, 616, 890, 885, 584, 685, 677, 507, 안녕하세요. 반갑습니다. 반갑습니다.
1007, 866, 1203, 1208, 571, 585, 608, 464, 안녕하세요. 반갑습니다.
808, 799, 913, 1096, 618, 761, 783, 630, 안녕하세요. 반갑습니다.
924, 878, 1068, 1196, 385, 435, 472, 311, 안녕하세요. 반갑습니다. 반갑습니다. 반갑습니다.
835, 786, 956, 1029, 533, 606, 602, 522, 안녕하세요. 반갑습니다. 반갑습니다. 반갑습니다.
908, 1138, 1344, 1153, 507, 659, 681, 495, 누구세요.
925, 816, 1108, 1154, 383, 522, 611, 359, 누구세요.
711, 724, 960, 1098, 311, 439, 477, 328, 안녕하세요. 반갑습니다. 반갑습니다. 반갑습니다.
1107, 1053, 1274, 1200, 547, 634, 719, 601, 누구세요.
750, 794, 990, 1056, 599, 736, 694, 521, 안녕하세요. 반갑습니다. 반갑습니다. 반갑습니다.
902, 760, 948, 1001, 518, 698, 748, 626, 안녕하세요. 반갑습니다. 반갑습니다. 반갑습니다.
1008, 1039, 1140, 1191, 402, 555, 565, 461, 안녕하세요. 반갑습니다.
689, 570, 762, 786, 338, 505, 571, 419, 안녕하세요. 반갑습니다.
944, 785, 1091, 1083, 600, 652, 756, 529, 안녕하세요. 반갑습니다. 반갑습니다.
567, 693, 815, 852, 275, 537, 516, 325, 안녕하세요. 반갑습니다. 반갑습니다. 반갑습니다.
619, 760, 989, 981, 537, 682, 678, 609, 안녕하세요. 반갑습니다. 반갑습니다.
697, 725, 905, 962, 458, 576, 552, 508, 누구세요.
617, 552, 969, 1015, 451, 605, 570, 483, 누구세요.
948, 827, 1232, 1220, 531, 715, 766, 515, 안녕하세요. 반갑습니다. 반갑습니다.
922, 1002, 1231, 1207, 466, 567, 599, 461, 안녕하세요. 반갑습니다. 반갑습니다.
780, 652, 927, 988, 380, 465, 526, 395, 누구세요.
1058, 1007, 1364, 1395, 418, 555, 554, 463, 안녕하세요. 반갑습니다.
757, 884, 976, 979, 539, 795, 662, 597, 안녕하세요. 반갑습니다. 반갑습니다.
863, 966, 1233, 1139, 353, 476, 560, 339, 안녕하세요. 반갑습니다. 반갑습니다. 반갑습니다.
862, 959, 1156, 1158, 580, 667, 660, 608, 누구세요.
935, 876, 1012, 1072, 411, 577, 482, 412, 누구세요.
959, 884, 1300, 1188, 396, 609, 530, 486, 안녕하세요. 반갑습니다. 반갑습니다. 반갑습니다.
1062, 926, 1305, 1263, 566, 732, 733, 550, 안녕하세요. 반갑습니다.
776, 614, 979, 1040, 449, 698, 616, 471, 안녕하세요. 반갑습니다. 반갑습니다.
1162, 1143, 1342, 1299, 478, 534, 532, 460, 안녕하세요. 반갑습니다.
665, 794, 1001, 950, 568, 780, 698, 674, 안녕하세요. 반갑습니다. 반갑습니다.
1105, 963, 1144, 1316, 498, 548, 669, 410, 안녕하세요. 반갑습니다. 반갑습니다.
607, 794, 929, 940, 598, 717, 724, 585, 안녕하세요. 반갑습니다.
635, 690, 981, 989, 501, 520, 577, 448, 안녕하세요. 반갑습니다. 반갑습니다.
983, 999, 1093, 1181, 339, 526, 554, 327, 안녕하세요. 반갑습니다. 반갑습니다. 반갑습니다.
888, 822, 1174, 1007, 610, 780, 778, 552, 누구세요.
1030, 825, 1125, 1179, 331, 459, 449, 329, 누구세요.
772, 726, 1073, 1111, 415, 473, 459, 402, 안녕하세요. 반갑습니다. 반갑습니다. 반갑습니다.
951, 973, 1207, 1252, 446, 616, 569, 475, 안녕하세요. 반갑습니다. 반갑습니다. 반갑습니다.
861, 692, 1083, 928, 412, 470, 559, 401, 안녕하세요. 반갑습니다.
997, 945, 1125, 1212, 480, 733, 667, 499, 안녕하세요. 반갑습니다. 반갑습니다. 반갑습니다.
737, 689, 954, 1105, 392, 562, 526, 347, 안녕하세요. 반갑습니다. 반갑습니다. 반갑습니다.
724, 732, 821, 863, 521, 571, 687, 547, 안녕하세요. 반갑습니다.
1002, 1037, 1312, 1288, 404, 647, 649, 441, 누구세요.
751, 654, 996, 889, 457, 517, 593, 379, 안녕하세요. 반갑습니다.
937, 792, 1084, 1012, 508, 579, 656, 448, 안녕하세요. 반갑습니다. 반갑습니다.
739, 670, 960, 957, 517, 570, 583, 488, 안녕하세요. 반갑습니다. 반갑습니다. 반갑습니다.
884, 970, 1087, 1155, 513, 711, 721, 589, 안녕하세요. 반갑습니다.
694, 759, 963, 986, 617, 631, 715, 492, 안녕하세요. 반갑습니다.
933, 886, 1099, 1152, 420, 471, 466, 380, 누구세요.
744, 721, 806, 805, 365, 469, 522, 435, 안녕하세요. 반갑습니다. 반갑습니다. 반갑습니다.
1103, 1096, 1304, 1304, 484, 679, 637, 490, 안녕하세요. 반갑습니다. 반갑습니다. 반갑습니다.
974, 820, 1073, 1060, 512, 690, 732, 568, 안녕하세요. 반갑습니다.
694, 799, 957, 1059, 390, 451, 475, 339, 누구세요.
1025, 981, 1168, 1059, 581, 700, 761, 655, 누구세요.
762, 614, 896, 928, 352, 472, 522, 334, 안녕하세요. 반갑습니다. 반갑습니다. 반갑습니다.
936, 820, 1138, 979, 629, 739, 667, 575, 안녕하세요. 반갑습니다. 반갑습니다.
1000, 970, 1141, 1265, 500, 598, 596, 460, 안녕하세요. 반갑습니다. 반갑습니다. 반갑습니다.
899, 999, 1224, 1052, 443, 573, 608, 419, 안녕하세요. 반갑습니다.
884, 725, 1143, 1140, 447, 622, 570, 395, 안녕하세요. 반갑습니다. 반갑습니다. 반갑습니다.
849, 844, 1042, 1176, 423, 482, 544, 440, 안녕하세요. 반갑습니다. 반갑습니다. 반갑습니다.
622, 817, 1065, 937, 489, 585, 582, 400, 안녕하세요. 반갑습니다.
829, 768, 1164, 1107, 585, 627, 614, 511, 안녕하세요. 반갑습니다. 반갑습니다. 반갑습니다.
912, 895, 1011, 1110, 414, 524, 615, 475, 안녕하세요. 반갑습니다.
770, 709, 1064, 1035, 404, 591, 620, 452, 안녕하세요. 반갑습니다.
702, 858, 994, 1064, 350, 523, 579, 411, 누구세요.
719, 721, 757, 761, 450, 531, 636, 470, 안녕하세요. 반갑습니다. 반갑습니다. 반갑습니다.
1121, 1025, 1186, 1224, 498, 552, 559, 461, 안녕하세요. 반갑습니다. 반갑습니다. 반갑습니다.
1185, 1114, 1407, 1370, 495, 623, 716, 477, 안녕하세요. 반갑습니다.
883, 701, 999, 1073, 425, 599, 632, 485, 안녕하세요. 반갑습니다.
870, 753, 1031, 1007, 514, 647, 576, 546, 안녕하세요. 반갑습니다. 반갑습니다. 반갑습니다.
925, 868, 1070, 1014, 439, 605, 564, 520, 안녕하세요. 반갑습니다. 반갑습니다.
874, 809, 1207, 1167, 436, 602, 533, 487, 안녕하세요. 반갑습니다.
600, 519, 866, 883, 450, 650, 534, 460, 안녕하세요. 반갑습니다. 반갑습니다.
1027, 995, 1318, 1257, 530, 704, 639, 496, 안녕하세요. 반갑습니다.
1144, 934, 1318, 1377, 409, 593, 598, 393, 안녕하세요. 반갑습니다. 반갑습니다. 반갑습니다.
1047, 1008, 1127, 1186, 538, 688, 623, 538, 안녕하세요. 반갑습니다. 반갑습니다.
1179, 1147, 1230, 1207, 398, 570, 482, 390, 누구세요.
1080, 964, 1303, 1197, 556, 788, 657, 613, 안녕하세요. 반갑습니다. 반갑습니다.
913, 885, 1105, 1156, 430, 551, 478, 375, 안녕하세요. 반갑습니다. 반갑습니다. 반갑습니다.
899, 957, 1074, 1124, 499, 621, 715, 524, 안녕하세요. 반갑습니다.
665, 689, 900, 1027, 573, 679, 737, 593, 안녕하세요. 반갑습니다. 반갑습니다. 반갑습니다.
1045, 989, 1208, 1155, 343, 490, 548, 387, 안녕하세요. 반갑습니다. 반갑습니다. 반갑습니다.
730, 968, 1070, 1064, 558, 677, 704, 526, 누구세요.
614, 561, 813, 918, 581, 744, 725, 517, 안녕하세요. 반갑습니다. 반갑습니다.
927, 1002, 1186, 1086, 450, 658, 690, 456, 누구세요.
1049, 1009, 1290, 1135, 490, 576, 571, 488, 누구세요.
718, 792, 977, 1083, 446, 662, 594, 522, 안녕하세요. 반갑습니다. 반갑습니다.
764, 730, 880, 948, 487, 667, 597, 422, 누구세요.
596, 696, 985, 1033, 518, 642, 706, 525, 안녕하세요. 반갑습니다.
939, 908, 1178, 1279, 471, 550, 525, 355, 안녕하세요. 반갑습니다.
843, 876, 1117, 1169, 484, 722, 737, 526, 안녕하세요. 반갑습니다. 반갑습니다.
981, 1135, 1204, 1155, 441, 522, 455, 328, 안녕하세요. 반갑습니다.
874, 881, 911, 1046, 540, 658, 655, 489, 안녕하세요. 반갑습니다.
725, 861, 1086, 1086, 333, 495, 520, 278, 안녕하세요. 반갑습니다. 반갑습니다. 반갑습니다.
849, 826, 1159, 1201, 434, 570, 541, 429, 누구세요.
955, 910, 1032, 1163, 349, 505, 442, 388, 누구세요.
964, 881, 1185, 1117, 480, 607, 644, 471, 안녕하세요. 반갑습니다. 반갑습니다. 반갑습니다.
876, 842, 957, 1076, 569, 692, 598, 499, 안녕하세요. 반갑습니다.
1088, 1009, 1347, 1406, 544, 643, 692, 522, 누구세요.
954, 1069, 1133, 1232, 492, 623, 538, 517, 누구세요.
876, 1056, 1124, 1078, 332, 501, 548, 366, 안녕하세요. 반갑습니다. 반갑습니다. 반갑습니다.
779, 850, 920, 1077, 479, 649, 620, 539, 안녕하세요. 반갑습니다. 반갑습니다. 반갑습니다.
725, 769, 1064, 1092, 426, 596, 602, 352, 안녕하세요. 반갑습니다. 반갑습니다.
712, 795, 899, 872, 624, 659, 625, 496, 안녕하세요. 반갑습니다. 반갑습니다. 반갑습니다.
687, 617, 967, 1023, 578, 673, 693, 572, 안녕하세요. 반갑습니다. 반갑습니다. 반갑습니다.
743, 599, 991, 948, 473, 612, 685, 495, 안녕하세요. 반갑습니다. 반갑습니다. 반갑습니다.
862, 738, 955, 983, 578, 693, 750, 621, 안녕하세요. 반갑습니다. 반갑습니다.
897, 906, 1219, 1086, 596, 697, 622, 509, 안녕하세요. 반갑습니다. 반갑습니다.
980, 956, 1274, 1288, 318, 455, 510, 352, 누구세요.
796, 844, 1081, 1072, 577, 696, 706, 532, 안녕하세요. 반갑습니다.
827, 675, 1032, 1141, 392, 454, 532, 311, 안녕하세요. 반갑습니다. 반갑습니다. 반갑습니다.
803, 775, 1143, 1060, 559, 780, 755, 559, 누구세요.
969, 1045, 1207, 1242, 654, 698, 682, 565, 안녕하세요. 반갑습니다. 반갑습니다. 반갑습니다.
787, 567, 977, 910, 360, 534, 519, 450, 안녕하세요. 반갑습니다. 반갑습니다.
1062, 975, 1375, 1202, 433, 609, 535, 442, 안녕하세요. 반갑습니다. 반갑습니다. 반갑습니다.
