0, 12, 8, 16, 4, 8, 4, 0, 안녕하세요. 반갑습니다.
0, 8, 16, 12, 4, 4, 0, 8, 안녕하세요. 반갑습니다.
571, 739, 1027, 825, 565, 705, 668, 455, 누구세요.
1088, 1044, 1228, 1289, 345, 528, 450, 317, 누구세요.
629, 727, 814, 928, 565, 764, 671, 628, 안녕하세요. 반갑습니다.
669, 652, 870, 973, 458, 581, 623, 449, 안녕하세요. 반갑습니다. 반갑습니다. 반갑습니다.
943, 845, 1015, 1018, 319, 516, 441, 302, 누구세요.
690, 731, 974, 858, 305, 543, 457, 371, 누구세요.
603, 794, 1015, 1011, 490, 652, 549, 522, 안녕하세요. 반갑습니다.
757, 756, 1060, 976, 541, 712, 731, 576, 안녕하세요. 반갑습니다. 반갑습니다. 반갑습니다.
717, 690, 934, 1009, 411, 557, 518, 325, 누구세요.
864, 941, 1289, 1125, 601, 771, 677, 549, 안녕하세요. 반갑습니다.
958, 1047, 1281, 1364, 439, 578, 508, 481, 안녕하세요. 반갑습니다. 반갑습니다.
620, 683, 933, 847, 513, 728, 762, 528, 안녕하세요. 반갑습니다.
774, 786, 989, 1149, 454, 511, 590, 374, 안녕하세요. 반갑습니다. 반갑습니다. 반갑습니다.
1004, 868, 1114, 1028, 387, 428, 506, 369, 안녕하세요. 반갑습니다. 반갑습니다. 반갑습니다.
1075, 1045, 1247, 1224, 560, 680, 792, 655, 안녕하세요. 반갑습니다.
1025, 1089, 1186, 1187, 335, 533, 528, 361, 누구세요.
537, 746, 774, 806, 554, 603, 646, 512, 안녕하세요. 반갑습니다.
771, 753, 996, 1088, 453, 559, 595, 432, 누구세요.
1012, 955, 1323, 1227, 651, 694, 678, 527, 안녕하세요. 반갑습니다. 반갑습니다.
985, 1066, 1163, 1336, 384, 582, 535, 405, 안녕하세요. 반갑습니다. 반갑습니다. 반갑습니다.
966, 1190, 1386, 1403, 606, 734, 673, 589, 누구세요.
981, 879, 1227, 1200, 387, 495, 481, 384, 누구세요.
794, 882, 1013, 1032, 470, 692, 644, 447, 안녕하세요. 반갑습니다. 반갑습니다. 반갑습니다.
953, 945, 1274, 1254, 481, 594, 573, 449, 안녕하세요. 반갑습니다. 반갑습니다.
921, 979, 1212, 1190, 562, 796, 676, 651, 안녕하세요. 반갑습니다. 반갑습니다.
798, 797, 1051, 996, 378, 589, 544, 461, 누구세요.
554, 637, 891, 870, 533, 625, 607, 513, 안녕하세요. 반갑습니다. 반갑습니다. 반갑습니다.
616, 790, 966, 911, 482, 604, 584, 438, 누구세요.
596, 798, 1073, 904, 326, 558, 523, 395, 누구세요.
644, 650, 1034, 1001, 551, 658, 586, 440, 안녕하세요. 반갑습니다.
828, 771, 1011, 1118, 564, 667, 684, 547, 안녕하세요. 반갑습니다. 반갑습니다. 반갑습니다.
948, 781, 1184, 1088, 412, 630, 575, 434, 누구세요.
727, 713, 965, 1075, 388, 592, 547, 425, 안녕하세요. 반갑습니다. 반갑습니다.
820, 859, 1109, 1083, 551, 682, 751, 602, 안녕하세요. 반갑습니다.
708, 759, 1071, 889, 465, 614, 601, 373, 안녕하세요. 반갑습니다. 반갑습니다.
1140, 1102, 1373, 1203, 454, 678, 552, 456, 누구세요.
672, 733, 1019, 994, 500, 614, 647, 399, 안녕하세요. 반갑습니다.
951, 1016, 1318, 1250, 420, 604, 594, 456, 누구세요.
1051, 957, 1214, 1100, 533, 603, 680, 534, 안녕하세요. 반갑습니다.
855, 773, 1043, 1052, 482, 574, 581, 474, 안녕하세요. 반갑습니다. 반갑습니다.
770, 862, 1056, 968, 480, 622, 504, 428, 누구세요.
994, 1001, 1230, 1147, 496, 693, 716, 514, 안녕하세요. 반갑습니다. 반갑습니다. 반갑습니다.
794, 950, 1204, 1081, 325, 544, 525, 330, 안녕하세요. 반갑습니다. 반갑습니다.
917, 837, 1201, 1027, 339, 472, 481, 415, 안녕하세요. 반갑습니다.
696, 588, 899, 748, 280, 415, 458, 363, 안녕하세요. 반갑습니다. 반갑습니다.
532, 649, 992, 823, 404, 450, 470, 392, 안녕하세요. 반갑습니다. 반갑습니다. 반갑습니다.
651, 800, 936, 1115, 396, 432, 435, 350, 안녕하세요. 반갑습니다.
819, 795, 1126, 1149, 388, 549, 550, 383, 안녕하세요. 반갑습니다. 반갑습니다.
759, 778, 1044, 1070, 411, 536, 522, 452, 안녕하세요. 반갑습니다. 반갑습니다.
1003, 1163, 1342, 1320, 375, 516, 528, 445, 안녕하세요. 반갑습니다.
548, 635, 776, 821, 511, 637, 687, 481, 누구세요.
781, 574, 875, 1001, 546, 656, 592, 464, 안녕하세요. 반갑습니다.
682, 672, 779, 884, 314, 534, 521, 441, 안녕하세요. 반갑습니다. 반갑습니다. 반갑습니다.
831, 840, 1170, 1073, 540, 678, 741, 603, 안녕하세요. 반갑습니다. 반갑습니다.
1002, 981, 1093, 1267, 450, 611, 568, 527, 안녕하세요. 반갑습니다.
1089, 989, 1364, 1279, 399, 561, 644, 519, 안녕하세요. 반갑습니다.
990, 1017, 1326, 1211, 580, 697, 688, 608, 누구세요.
659, 714, 871, 916, 526, 654, 610, 546, 안녕하세요. 반갑습니다.
651, 803, 845, 1022, 310, 488, 509, 415, 안녕하세요. 반갑습니다. 반갑습니다. 반갑습니다.
714, 701, 928, 1011, 399, 451, 575, 384, 안녕하세요. 반갑습니다. 반갑습니다.
611, 586, 875, 952, 609, 657, 730, 535, 안녕하세요. 반갑습니다. 반갑습니다.
962, 908, 1177, 1167, 467, 542, 620, 481, 안녕하세요. 반갑습니다.
839, 802, 949, 1027, 512, 681, 695, 493, 누구세요.
718, 634, 887, 964, 528, 725, 680, 555, 안녕하세요. 반갑습니다.
671, 583, 912, 951, 394, 496, 521, 379, 누구세요.
737, 809, 1060, 985, 490, 726, 616, 568, 안녕하세요. 반갑습니다. 반갑습니다.
683, 757, 931, 1002, 572, 692, 777, 553, 누구세요.
924, 942, 1171, 1091, 580, 649, 596, 522, 안녕하세요. 반갑습니다. 반갑습니다.
849, 822, 1259, 1124, 562, 610, 681, 511, 안녕하세요. 반갑습니다. 반갑습니다.
937, 947, 1074, 999, 383, 562, 521, 441, 안녕하세요. 반갑습니다. 반갑습니다. 반갑습니다.
726, 664, 843, 924, 508, 667, 647, 447, 안녕하세요. 반갑습니다.
801, 773, 1033, 1048, 420, 482, 568, 402, 안녕하세요. 반갑습니다. 반갑습니다. 반갑습니다.
1120, 1048, 1297, 1357, 624, 801, 716, 596, 안녕하세요. 반갑습니다. 반갑습니다.
682, 696, 904, 785, 584, 743, 741, 521, 안녕하세요. 반갑습니다. 반갑습니다.
812, 838, 1030, 1049, 557, 586, 676, 438, 안녕하세요. 반갑습니다. 반갑습니다.
720, 582, 876, 864, 419, 540, 589, 367, 안녕하세요. 반갑습니다. 반갑습니다. 반갑습니다.
779, 718, 1096, 1118, 612, 712, 682, 590, 안녕하세요. 반갑습니다. 반갑습니다. 반갑습니다.
826, 950, 1192, 1085, 416, 532, 560, 334, 안녕하세요. 반갑습니다.
793, 755, 839, 801, 431, 590, 630, 382, 안녕하세요. 반갑습니다. 반갑습니다.
798, 926, 1155, 1236, 336, 470, 575, 399, 누구세요.
914, 950, 1152, 1191, 383, 594, 612, 458, 안녕하세요. 반갑습니다. 반갑습니다. 반갑습니다.
748, 854, 1017, 992, 401, 438, 514, 388, 안녕하세요. 반갑습니다. 반갑습니다.
836, 822, 1227, 1106, 426, 454, 515, 422, 누구세요.
924, 818, 1256, 1178, 614, 680, 674, 635, 안녕하세요. 반갑습니다. 반갑습니다. 반갑습니다.
969, 1066, 1262, 1245, 334, 501, 493, 355, 누구세요.
958, 896, 1170, 1193, 518, 541, 607, 501, 안녕하세요. 반갑습니다.
1045, 1062, 1263, 1302, 567, 662, 619, 525, 안녕하세요. 반갑습니다. 반갑습니다.
764, 758, 869, 936, 596, 659, 723, 507, 안녕하세요. 반갑습니다. 반갑습니다. 반갑습니다.
832, 789, 997, 973, 522, 655, 778, 608, 안녕하세요. 반갑습니다. 반갑습니다. 반갑습니다.
609, 733, 880, 885, 501, 669, 685, 467, 안녕하세요. 반갑습니다. 반갑습니다.
715, 611, 910, 889, 388, 517, 552, 460, 누구세요.
913, 1012, 1038, 1031, 297, 526, 482, 308, 안녕하세요. 반갑습니다. 반갑습니다. 반갑습니다.
753, 985, 1190, 1137, 443, 552, 481, 367, 누구세요.
701, 577, 870, 867, 309, 483, 535, 370, 안녕하세요. 반갑습니다. 반갑습니다. 반갑습니다.
1084, 1039, 1248, 1231, 382, 623, 633, 465, 안녕하세요. 반갑습니다. 반갑습니다.
870, 902, 1089, 1072, 396, 535, 602, 471, 안녕하세요. 반갑습니다.
654, 827, 893, 910, 385, 555, 586, 423, 누구세요.
1035, 1032, 1319, 1242, 505, 636, 683, 514, 안녕하세요. 반갑습니다.
911, 1051, 1203, 1149, 513, 686, 761, 618, 안녕하세요. 반갑습니다. 반갑습니다. 반갑습니다.
543, 568, 911, 1012, 532, 661, 615, 502, 안녕하세요. 반갑습니다.
983, 1169, 1365, 1426, 512, 673, 645, 624, 안녕하세요. 반갑습니다.
1113, 982, 1192, 1214, 422, 539, 562, 381, 안녕하세요. 반갑습니다.
735, 825, 1092, 1067, 473, 621, 617, 403, 안녕하세요. 반갑습니다.
964, 1030, 1172, 1252, 379, 589, 625, 495, 안녕하세요. 반갑습니다. 반갑습니다.
752, 952, 1105, 1152, 293, 457, 442, 354, 안녕하세요. 반갑습니다.
1110, 976, 1228, 1338, 453, 650, 658, 483, 안녕하세요. 반갑습니다. 반갑습니다. 반갑습니다.
610, 556, 770, 848, 561, 683, 692, 533, 안녕하세요. 반갑습니다.
901, 847, 1080, 1202, 531, 629, 638, 474, 누구세요.
1046, 963, 1330, 1267, 305, 477, 467, 373, 안녕하세요. 반갑습니다. 반갑습니다. 반갑습니다.
693, 652, 1029, 838, 415, 496, 584, 462, 안녕하세요. 반갑습니다. 반갑습니다.
811, 853, 1073, 1026, 602, 660, 733, 556, 누구세요.
993, 1026, 1380, 1245, 436, 564, 547, 490, 안녕하세요. 반갑습니다. 반갑습니다. 반갑습니다.
565, 701, 825, 1014, 534, 754, 749, 518, 누구세요.
720, 681, 758, 785, 449, 639, 601, 428, 안녕하세요. 반갑습니다. 반갑습니다. 반갑습니다.
1001, 789, 1049, 1243, 315, 529, 539, 306, 안녕하세요. 반갑습니다. 반갑습니다. 반갑습니다.
663, 570, 753, 889, 352, 440, 432, 349, 안녕하세요. 반갑습니다. 반갑습니다.
809, 986, 1234, 1255, 446, 604, 510, 438, 안녕하세요. 반갑습니다. 반갑습니다. 반갑습니다.
835, 714, 1102, 1094, 536, 580, 619, 427, 안녕하세요. 반갑습니다. 반갑습니다.
747, 672, 872, 879, 456, 599, 625, 488, 누구세요.
1003, 904, 1251, 1086, 503, 681, 699, 629, 안녕하세요. 반갑습니다. 반갑습니다.
532, 723, 779, 747, 541, 722, 671, 480, 안녕하세요. 반갑습니다. 반갑습니다.
727, 707, 967, 883, 541, 640, 669, 546, 안녕하세요. 반갑습니다. 반갑습니다.
806, 856, 1021, 1230, 406, 549, 511, 356, 누구세요.
1083, 1083, 1243, 1294, 515, 579, 629, 476, 누구세요.
945, 861, 1026, 1022, 418, 584, 568, 488, 누구세요.
968, 950, 1212, 1263, 474, 645, 572, 457, 안녕하세요. 반갑습니다. 반갑습니다. 반갑습니다.
712, 789, 1053, 958, 409, 626, 575, 446, 누구세요.
858, 834, 1068, 928, 334, 502, 526, 394, 안녕하세요. 반갑습니다. 반갑습니다.
788, 763, 933, 990, 511, 546, 543, 480, 안녕하세요. 반갑습니다.
925, 942, 1135, 1355, 535, 644, 654, 581, 안녕하세요. 반갑습니다. 반갑습니다. 반갑습니다.
608, 635, 851, 889, 462, 567, 614, 477, 안녕하세요. 반갑습니다.
1117, 1045, 1226, 1208, 521, 637, 698, 518, 안녕하세요. 반갑습니다.
1099, 1080, 1208, 1394, 502, 562, 577, 415, 누구세요.
700, 648, 792, 988, 477, 609, 636, 531, 안녕하세요. 반갑습니다. 반갑습니다.
975, 987, 1114, 1172, 477, 590, 608, 462, 안녕하세요. 반갑습니다. 반갑습니다. 반갑습니다.
667, 647, 966, 844, 512, 668, 751, 521, 안녕하세요. 반갑습니다. 반갑습니다. 반갑습니다.
684, 724, 984, 915, 439, 583, 565, 478, 안녕하세요. 반갑습니다. 반갑습니다. 반갑습니다.
789, 686, 945, 909, 381, 609, 548, 471, 누구세요.
737, 619, 844, 927, 418, 442, 447, 421, 안녕하세요. 반갑습니다. 반갑습니다. 반갑습니다.
890, 883, 1140, 1077, 315, 497, 424, 284, 안녕하세요. 반갑습니다. 반갑습니다.
719, 679, 1007, 932, 450, 683, 692, 430, 안녕하세요. 반갑습니다. 반갑습니다.
873, 1027, 1261, 1147, 395, 588, 636, 406, 안녕하세요. 반갑습니다. 반갑습니다. 반갑습니다.
1043, 1075, 1217, 1325, 515, 601, 684, 507, 안녕하세요. 반갑습니다. 반갑습니다.
723, 611, 940, 877, 397, 568, 550, 326, 안녕하세요. 반갑습니다. 반갑습니다. 반갑습니다.
928, 1065, 1271, 1188, 361, 558, 542, 425, 안녕하세요. 반갑습니다.
957, 1039, 1238, 1146, 560, 667, 574, 481, 안녕하세요. 반갑습니다. 반갑습니다.
770, 749, 991, 1019, 555, 714, 686, 526, 안녕하세요. 반갑습니다. 반갑습니다.
706, 835, 992, 1085, 578, 726, 662, 552, 안녕하세요. 반갑습니다. 반갑습니다. 반갑습니다.
554, 512, 913, 855, 470, 586, 571, 418, 누구세요.
964, 1016, 1304, 1360, 504, 628, 598, 506, 안녕하세요. 반갑습니다. 반갑습니다. 반갑습니다.
844, 778, 1170, 1047, 521, 610, 629, 488, 안녕하세요. 반갑습니다. 반갑습니다. 반갑습니다.
810, 863, 916, 1128, 421, 569, 543, 501, 안녕하세요. 반갑습니다. 반갑습니다. 반갑습니다.
670, 744, 917, 947, 407, 486, 516, 354, 누구세요.
628, 603, 831, 878, 452, 642, 680, 521, 안녕하세요. 반갑습니다. 반갑습니다.
1150, 1054, 1220, 1344, 443, 545, 564, 402, 누구세요.
762, 725, 898, 896, 308, 483, 500, 302, 안녕하세요. 반갑습니다.
996, 1029, 1270, 1266, 454, 599, 617, 527, 안녕하세요. 반갑습니다.
875, 796, 1063, 1055, 521, 687, 753, 531, 누구세요.
926, 1083, 1194, 1251, 618, 669, 741, 556, 안녕하세요. 반갑습니다. 반갑습니다.
910, 945, 1173, 1186, 416, 661, 668, 504, 안녕하세요. 반갑습니다.
730, 713, 1030, 1001, 458, 549, 477, 400, 안녕하세요. 반갑습니다. 반갑습니다. 반갑습니다.
906, 858, 1212, 1221, 419, 512, 560, 363, 누구세요.
675, 792, 1039, 976, 562, 576, 698, 554, 안녕하세요. 반갑습니다.
1106, 1069, 1275, 1307, 332, 429, 435, 355, 안녕하세요. 반갑습니다.
720, 701, 1092, 1018, 406, 540, 601, 435, 안녕하세요. 반갑습니다.
700, 740, 966, 884, 585, 736, 715, 582, 안녕하세요. 반갑습니다. 반갑습니다.
888, 800, 1072, 1108, 428, 610, 609, 424, 안녕하세요. 반갑습니다. 반갑습니다.
1043, 980, 1051, 1086, 619, 734, 765, 634, 누구세요.
996, 839, 1178, 1110, 384, 454, 488, 423, 안녕하세요. 반갑습니다. 반갑습니다. 반갑습니다.
1074, 953, 1188, 1255, 495, 539, 606, 405, 안녕하세요. 반갑습니다. 반갑습니다.
585, 569, 889, 848, 544, 634, 657, 491, 누구세요.
791, 830, 1059, 1212, 590, 659, 744, 519, 안녕하세요. 반갑습니다.
635, 553, 950, 923, 329, 436, 526, 402, 안녕하세요. 반갑습니다. 반갑습니다. 반갑습니다.
837, 921, 1219, 1089, 395, 413, 528, 384, 안녕하세요. 반갑습니다.
832, 993, 1081, 1075, 426, 620, 575, 447, 안녕하세요. 반갑습니다. 반갑습니다.
787, 722, 1030, 1084, 329, 528, 432, 318, 안녕하세요. 반갑습니다.
999, 885, 1132, 1198, 570, 656, 626, 522, 안녕하세요. 반갑습니다. 반갑습니다.
682, 743, 898, 893, 550, 632, 629, 425, 누구세요.
806, 604, 984, 840, 563, 638, 734, 553, 안녕하세요. 반갑습니다. 반갑습니다.
676, 778, 914, 886, 502, 609, 638, 489, 안녕하세요. 반갑습니다. 반갑습니다. 반갑습니다.
1079, 1035, 1399, 1384, 430, 600, 553, 506, 누구세요.
1030, 851, 1109, 1190, 514, 532, 522, 406, 누구세요.
859, 1041, 1321, 1179, 458, 578, 585, 504, 누구세요.
781, 816, 975, 982, 548, 582, 572, 537, 누구세요.
893, 981, 1223, 1261, 573, 783, 677, 631, 안녕하세요. 반갑습니다. 반갑습니다.
536, 629, 970, 773, 493, 599, 664, 435, 안녕하세요. 반갑습니다.
838, 975, 1260, 1137, 482, 510, 541, 391, 누구세요.
488, 506, 866, 793, 431, 590, 542, 444, 안녕하세요. 반갑습니다. 반갑습니다. 반갑습니다.
692, 875, 916, 990, 521, 633, 714, 530, 안녕하세요. 반갑습니다.
1116, 1071, 1239, 1373, 333, 565, 479, 302, 누구세요.
730, 928, 1016, 1068, 637, 723, 700, 586, 누구세요.
811, 1004, 1120, 1185, 390, 597, 490, 477, 안녕하세요. 반갑습니다. 반갑습니다.
952, 1066, 1169, 1350, 425, 558, 590, 429, 안녕하세요. 반갑습니다.
1014, 1004, 1269, 1365, 558, 637, 666, 552, 안녕하세요. 반갑습니다. 반갑습니다. 반갑습니다.
794, 736, 960, 1019, 494, 618, 666, 568, 안녕하세요. 반갑습니다. 반갑습니다. 반갑습니다.
842, 852, 1034, 1011, 331, 490, 546, 334, 안녕하세요. 반갑습니다.
718, 704, 887, 976, 424, 576, 564, 487, 안녕하세요. 반갑습니다.
944, 912, 1140, 1248, 588, 617, 716, 582, 누구세요.
698, 791, 1119, 1125, 436, 596, 502, 349, 안녕하세요. 반갑습니다. 반갑습니다. 반갑습니다.
685, 650, 880, 1011, 414, 444, 453, 359, 안녕하세요. 반갑습니다.
871, 887, 1014, 1090, 474, 664, 697, 492, 안녕하세요. 반갑습니다.
1143, 1182, 1200, 1293, 436, 574, 525, 482, 안녕하세요. 반갑습니다. 반갑습니다. 반갑습니다.
563, 589, 943, 928, 551, 566, 605, 551, 안녕하세요. 반갑습니다. 반갑습니다.
848, 861, 1220, 1049, 529, 757, 644, 626, 누구세요.
758, 637, 866, 889, 354, 468, 540, 347, 안녕하세요. 반갑습니다. 반갑습니다. 반갑습니다.
1111, 1041, 1227, 1157, 492, 576, 571, 502, 누구세요.
787, 904, 1158, 1228, 660, 710, 776, 655, 안녕하세요. 반갑습니다. 반갑습니다. 반갑습니다.
772, 753, 847, 812, 273, 465, 416, 315, 안녕하세요. 반갑습니다. 반갑습니다.
739, 671, 845, 891, 540, 614, 634, 436, 안녕하세요. 반갑습니다.
981, 1052, 1274, 1216, 372, 481, 552, 316, 안녕하세요. 반갑습니다.
707, 729, 944, 1042, 429, 558, 533, 410, 안녕하세요. 반갑습니다. 반갑습니다.
1055, 1010, 1138, 1139, 366, 554, 482, 359, 누구세요.
819, 619, 904, 972, 426, 607, 616, 476, 안녕하세요. 반갑습니다.
1025, 857, 1283, 1213, 358, 484, 543, 418, 안녕하세요. 반갑습니다. 반갑습니다. 반갑습니다.
668, 767, 1047, 1070, 453, 517, 478, 458, 안녕하세요. 반갑습니다.
613, 714, 730, 769, 409, 581, 528, 343, 안녕하세요. 반갑습니다. 반갑습니다.
734, 780, 1003, 894, 425, 537, 629, 460, 안녕하세요. 반갑습니다. 반갑습니다.
787, 762, 933, 956, 438, 593, 621, 531, 누구세요.
668, 658, 867, 827, 519, 609, 592, 472, 안녕하세요. 반갑습니다.
703, 734, 865, 937, 527, 541, 590, 469, 안녕하세요. 반갑습니다. 반갑습니다.
1079, 1028, 1333, 1163, 449, 608, 511, 404, 안녕하세요. 반갑습니다. 반갑습니다.
823, 737, 899, 953, 432, 589, 649, 525, 안녕하세요. 반갑습니다. 반갑습니다. 반갑습니다.
763, 785, 1193, 1058, 407, 564, 617, 499, 안녕하세요. 반갑습니다. 반갑습니다.
748, 891, 1149, 932, 306, 421, 500, 352, 누구세요.
819, 882, 1103, 923, 558, 657, 699, 507, 안녕하세요. 반갑습니다. 반갑습니다. 반갑습니다.
841, 965, 1028, 1017, 425, 561, 575, 459, 누구세요.
1009, 1001, 1264, 1210, 557, 670, 685, 523, 안녕하세요. 반갑습니다. 반갑습니다.
985, 1023, 1329, 1183, 360, 502, 557, 415, 안녕하세요. 반갑습니다. 반갑습니다.
967, 1003, 1370, 1391, 593, 658, 755, 584, 누구세요.
974, 1119, 1252, 1360, 464, 588, 639, 439, 누구세요.
1110, 930, 1148, 1166, 578, 707, 686, 568, 안녕하세요. 반갑습니다.
766, 783, 1028, 1030, 495, 711, 721, 523, 안녕하세요. 반갑습니다.
730, 675, 1064, 981, 491, 571, 531, 428, 안녕하세요. 반갑습니다.
578, 633, 874, 788, 628, 680, 685, 647, 안녕하세요. 반갑습니다. 반갑습니다. 반갑습니다.
515, 636, 765, 959, 577, 638, 744, 583, 누구세요.
1040, 991, 1417, 1362, 529, 638, 659, 498, 안녕하세요. 반갑습니다.
1051, 990, 1358, 1334, 556, 724, 757, 658, 누구세요.
674, 766, 947, 833, 364, 447, 558, 356, 누구세요.
999, 1060, 1291, 1435, 340, 483, 474, 331, 안녕하세요. 반갑습니다. 반갑습니다.
700, 641, 909, 988, 528, 597, 672, 528, 안녕하세요. 반갑습니다.
1121, 951, 1249, 1296, 530, 783, 774, 590, 누구세요.
809, 630, 934, 1073, 497, 743, 670, 556, 안녕하세요. 반갑습니다. 반갑습니다. 반갑습니다.
598, 591, 833, 867, 301, 559, 507, 430, 안녕하세요. 반갑습니다. 반갑습니다. 반갑습니다.
968, 948, 1290, 1344, 462, 502, 540, 378, 안녕하세요. 반갑습니다. 반갑습니다. 반갑습니다.
984, 1024, 1227, 1423, 551, 731, 691, 605, 누구세요.
697, 560, 781, 843, 365, 523, 447, 315, 누구세요.
725, 718, 916, 977, 583, 620, 633, 467, 안녕하세요. 반갑습니다. 반갑습니다. 반갑습니다.
863, 1075, 1233, 1103, 485, 564, 582, 395, 안녕하세요. 반갑습니다.
789, 939, 1033, 1106, 423, 515, 570, 374, 안녕하세요. 반갑습니다.
721, 772, 1117, 1136, 347, 510, 507, 446, 누구세요.
795, 735, 878, 950, 647, 732, 769, 568, 안녕하세요. 반갑습니다.
1067, 985, 1254, 1311, 517, 653, 597, 533, 안녕하세요. 반갑습니다. 반갑습니다.
817, 790, 1168, 998, 557, 683, 690, 549, 안녕하세요. 반갑습니다.
617, 640, 951, 969, 482, 671, 650, 502, 안녕하세요. 반갑습니다. 반갑습니다.
864, 890, 1060, 1219, 421, 586, 633, 519, 누구세요.
1154, 983, 1281, 1434, 438, 571, 599, 516, 안녕하세요. 반갑습니다. 반갑습니다.
979, 921, 1033, 1143, 502, 632, 567, 378, 안녕하세요. 반갑습니다. 반갑습니다. 반갑습니다.
693, 516, 893, 879, 411, 568, 548, 397, 안녕하세요. 반갑습니다. 반갑습니다.
933, 1144, 1260, 1274, 522, 600, 621, 524, 안녕하세요. 반갑습니다. 반갑습니다. 반갑습니다.
1081, 1057, 1218, 1365, 478, 615, 615, 460, 안녕하세요. 반갑습니다. 반갑습니다.
813, 841, 1002, 998, 462, 595, 662, 486, 안녕하세요. 반갑습니다.
983, 1034, 1362, 1294, 526, 652, 641, 476, 안녕하세요. 반갑습니다. 반갑습니다.
934, 974, 1235, 1168, 580, 669, 723, 499, 누구세요.
973, 1138, 1272, 1332, 512, 675, 697, 547, 안녕하세요. 반갑습니다. 반갑습니다. 반갑습니다.
736, 878, 930, 1005, 536, 676, 640, 563, 안녕하세요. 반갑습니다.
915, 1004, 1197, 1106, 342, 498, 470, 388, 안녕하세요. 반갑습니다. 반갑습니다.
915, 1072, 1262, 1249, 363, 544, 435, 307, 안녕하세요. 반갑습니다.
739, 777, 1072, 952, 547, 717, 683, 479, 누구세요.
824, 970, 1068, 1039, 523, 664, 675, 515, 안녕하세요. 반갑습니다.
769, 724, 1056, 1080, 540, 719, 744, 596, 안녕하세요. 반갑습니다. 반갑습니다. 반갑습니다.
937, 912, 1236, 1180, 461, 697, 688, 498, 누구세요.
911, 1077, 1227, 1208, 375, 559, 551, 375, 누구세요.
994, 968, 1187, 1281, 444, 653, 623, 428, 안녕하세요. 반갑습니다. 반갑습니다.
814, 838, 910, 1133, 385, 606, 612, 380, 안녕하세요. 반갑습니다. 반갑습니다.
1150, 923, 1284, 1239, 463, 607, 704, 542, 안녕하세요. 반갑습니다.
840, 780, 1012, 1152, 344, 564, 502, 300, 안녕하세요. 반갑습니다. 반갑습니다.
1030, 1157, 1338, 1338, 417, 649, 670, 427, 안녕하세요. 반갑습니다. 반갑습니다.
739, 752, 947, 903, 350, 564, 548, 427, 누구세요.
854, 768, 1183, 1233, 480, 632, 740, 480, 안녕하세요. 반갑습니다.
930, 975, 1145, 1165, 521, 703, 627, 455, 안녕하세요. 반갑습니다. 반갑습니다. 반갑습니다.
747, 925, 976, 1048, 398, 650, 610, 511, 안녕하세요. 반갑습니다. 반갑습니다. 반갑습니다.
558, 566, 885, 832, 414, 463, 452, 332, 안녕하세요. 반갑습니다. 반갑습니다.
714, 696, 892, 870, 403, 509, 580, 386, 안녕하세요. 반갑습니다.
893, 1076, 1246, 1121, 528, 641, 596, 472, 안녕하세요. 반갑습니다. 반갑습니다. 반갑습니다.
936, 950, 1118, 1086, 401, 556, 548, 487, 누구세요.
888, 954, 1178, 1089, 359, 595, 527, 393, 안녕하세요. 반갑습니다.
989, 930, 1214, 1292, 576, 615, 624, 586, 안녕하세요. 반갑습니다.
723, 661, 978, 965, 463, 650, 690, 564, 누구세요.
601, 615, 750, 741, 560, 682, 654, 482, 안녕하세요. 반갑습니다. 반갑습니다. 반갑습니다.
948, 866, 1128, 1061, 492, 618, 692, 499, 누구세요.
993, 888, 1213, 1171, 443, 591, 633, 515, 누구세요.
561, 701, 848, 787, 542, 594, 705, 455, 안녕하세요. 반갑습니다. 반갑습니다.
802, 741, 1110, 996, 536, 688, 646, 548, 안녕하세요. 반갑습니다. 반갑습니다.
933, 1017, 1141, 1080, 367, 522, 446, 354, 누구세요.
714, 632, 994, 845, 561, 606, 610, 472, 안녕하세요. 반갑습니다. 반갑습니다. 반갑습니다.
923, 984, 1347, 1341, 474, 636, 707, 512, 안녕하세요. 반갑습니다. 반갑습니다. 반갑습니다.
908, 805, 1117, 1115, 496, 557, 595, 530, 누구세요.
1037, 998, 1255, 1373, 440, 545, 467, 416, 안녕하세요. 반갑습니다. 반갑습니다. 반갑습니다.
928, 869, 1343, 1207, 373, 502, 511, 385, 누구세요.
944, 996, 1089, 1064, 312, 566, 501, 321, 안녕하세요. 반갑습니다. 반갑습니다. 반갑습니다.
984, 995, 1118, 1275, 490, 665, 728, 515, 안녕하세요. 반갑습니다. 반갑습니다.
1000, 814, 1034, 1125, 426, 635, 545, 410, 안녕하세요. 반갑습니다. 반갑습니다. 반갑습니다.
1030, 950, 1197, 1379, 511, 661, 590, 502, 누구세요.
949, 1015, 1344, 1343, 397, 627, 623, 479, 안녕하세요. 반갑습니다.
1093, 1058, 1356, 1164, 436, 650, 673, 522, 안녕하세요. 반갑습니다.
526, 663, 839, 969, 457, 648, 558, 489, 안녕하세요. 반갑습니다. 반갑습니다.
857, 972, 1097, 1068, 424, 677, 644, 533, 안녕하세요. 반갑습니다. 반갑습니다. 반갑습니다.
872, 802, 1060, 1132, 435, 598, 545, 390, 안녕하세요. 반갑습니다. 반갑습니다.
928, 1092, 1132, 1224, 371, 533, 567, 383, 안녕하세요. 반갑습니다. 반갑습니다. 반갑습니다.
856, 762, 946, 888, 383, 505, 543, 359, 안녕하세요. 반갑습니다. 반갑습니다.
864, 811, 1104, 970, 438, 593, 659, 467, 안녕하세요. 반갑습니다. 반갑습니다.
1104, 1168, 1330, 1389, 395, 499, 578, 375, 안녕하세요. 반갑습니다.
972, 902, 1159, 1309, 450, 644, 608, 532, 누구세요.
874, 860, 1089, 929, 616, 721, 664, 567, 안녕하세요. 반갑습니다. 반갑습니다. 반갑습니다.
835, 861, 1107, 1248, 416, 527, 557, 439, 안녕하세요. 반갑습니다. 반갑습니다.
1070, 984, 1216, 1398, 399, 528, 533, 335, 누구세요.
987, 1023, 1367, 1416, 428, 581, 591, 455, 누구세요.
768, 790, 824, 861, 413, 513, 535, 372, 안녕하세요. 반갑습니다. 반갑습니다.
908, 865, 985, 1061, 568, 646, 579, 443, 누구세요.
925, 1039, 1078, 1275, 349, 508, 572, 357, 안녕하세요. 반갑습니다. 반갑습니다.
918, 794, 1227, 1009, 479, 603, 664, 576, 안녕하세요. 반갑습니다. 반갑습니다. 반갑습니다.
1051, 920, 1103, 1192, 454, 511, 596, 341, 안녕하세요. 반갑습니다. 반갑습니다. 반갑습니다.
614, 541, 960, 949, 409, 518, 614, 373, 안녕하세요. 반갑습니다.
710, 655, 898, 857, 443, 593, 539, 520, 누구세요.
905, 995, 1166, 1318, 654, 711, 762, 558, 안녕하세요. 반갑습니다. 반갑습니다.
696, 784, 1066, 1049, 420, 589, 659, 442, 안녕하세요. 반갑습니다. 반갑습니다.
837, 936, 1148, 1051, 560, 791, 760, 617, 안녕하세요. 반갑습니다.
914, 981, 1153, 1148, 569, 672, 768, 628, 안녕하세요. 반갑습니다.
773, 802, 1199, 1086, 568, 720, 695, 535, 안녕하세요. 반갑습니다. 반갑습니다. 반갑습니다.
952, 1018, 1196, 1360, 503, 565, 581, 426, 안녕하세요. 반갑습니다. 반갑습니다. 반갑습니다.
799, 704, 926, 1117, 531, 587, 618, 496, 누구세요.
812, 646, 896, 1018, 483, 623, 529, 445, 안녕하세요. 반갑습니다. 반갑습니다.
661, 852, 1019, 970, 544, 582, 624, 483, 안녕하세요. 반갑습니다. 반갑습니다.
773, 782, 1111, 961, 647, 791, 803, 603, 안녕하세요. 반갑습니다. 반갑습니다. 반갑습니다.
672, 556, 974, 906, 541, 620, 563, 472, 안녕하세요. 반갑습니다. 반갑습니다. 반갑습니다.
697, 743, 874, 972, 570, 717, 758, 596, 누구세요.
714, 826, 988, 1164, 620, 746, 701, 619, 안녕하세요. 반갑습니다.
1033, 946, 1065, 1227, 465, 645, 607, 567, 누구세요.
796, 769, 1074, 1170, 515, 629, 610, 445, 안녕하세요. 반갑습니다. 반갑습니다. 반갑습니다.
914, 862, 1067, 1062, 384, 468, 437, 290, 안녕하세요. 반갑습니다. 반갑습니다.
620, 755, 1007, 922, 512, 575, 571, 522, 누구세요.
883, 878, 1182, 1323, 411, 612, 566, 495, 안녕하세요. 반갑습니다. 반갑습니다.
991, 1012, 1216, 1248, 335, 553, 463, 418, 안녕하세요. 반갑습니다. 반갑습니다.
834, 857, 938, 1010, 316, 493, 503, 292, 안녕하세요. 반갑습니다.
827, 993, 1048, 1083, 407, 490, 613, 402, 안녕하세요. 반갑습니다. 반갑습니다. 반갑습니다.
609, 762, 1052, 1000, 345, 447, 421, 296, 안녕하세요. 반갑습니다.
876, 856, 1050, 1167, 400, 660, 655, 460, 안녕하세요. 반갑습니다. 반갑습니다.
756, 672, 939, 913, 509, 636, 661, 529, 안녕하세요. 반갑습니다.
910, 1083, 1159, 1184, 386, 456, 461, 419, 안녕하세요. 반갑습니다. 반갑습니다.
660, 731, 836, 1012, 361, 508, 459, 368, 누구세요.
784, 726, 927, 941, 438, 639, 558, 510, 누구세요.
808, 747, 1150, 1044, 565, 721, 719, 535, 안녕하세요. 반갑습니다. 반갑습니다. 반갑습니다.
669, 791, 1069, 1008, 641, 706, 796, 661, 안녕하세요. 반갑습니다. 반갑습니다.
763, 818, 957, 1133, 554, 631, 666, 500, 안녕하세요. 반갑습니다.
741, 939, 1181, 1174, 638, 698, 726, 640, 안녕하세요. 반갑습니다. 반갑습니다. 반갑습니다.
705, 812, 860, 962, 450, 628, 562, 469, 누구세요.
961, 1020, 1184, 1353, 571, 622, 615, 557, 안녕하세요. 반갑습니다. 반갑습니다. 반갑습니다.
947, 745, 1028, 1091, 507, 556, 576, 395, 누구세요.
591, 623, 870, 949, 476, 582, 552, 511, 누구세요.
776, 650, 911, 989, 487, 700, 715, 580, 누구세요.
719, 744, 1032, 1037, 585, 658, 705, 603, 안녕하세요. 반갑습니다.
813, 738, 972, 904, 534, 726, 688, 557, 누구세요.
659, 618, 1023, 1007, 363, 593, 607, 403, 안녕하세요. 반갑습니다.
1132, 1174, 1309, 1216, 500, 626, 635, 419, 안녕하세요. 반갑습니다. 반갑습니다.
493, 499, 812, 925, 409, 603, 570, 459, 안녕하세요. 반갑습니다. 반갑습니다.
1008, 976, 1173, 1178, 417, 539, 520, 426, 누구세요.
992, 1136, 1250, 1151, 486, 651, 674, 539, 안녕하세요. 반갑습니다. 반갑습니다. 반갑습니다.
829, 894, 1068, 1124, 442, 609, 696, 482, 안녕하세요. 반갑습니다. 반갑습니다. 반갑습니다.
779, 697, 961, 938, 441, 668, 575, 440, 안녕하세요. 반갑습니다.
690, 583, 852, 981, 364, 455, 526, 354, 안녕하세요. 반갑습니다.
786, 746, 977, 1069, 483, 635, 687, 448, 안녕하세요. 반갑습니다. 반갑습니다. 반갑습니다.
798, 779, 1113, 961, 301, 486, 451, 403, 누구세요.
717, 735, 1185, 965, 483, 560, 642, 544, 안녕하세요. 반갑습니다.
1040, 996, 1181, 1262, 419, 593, 611, 424, 누구세요.
848, 837, 1112, 1062, 430, 544, 635, 464, 누구세요.
800, 731, 1016, 1051, 356, 534, 479, 439, 안녕하세요. 반갑습니다.
813, 916, 1065, 1009, 365, 443, 506, 295, 안녕하세요. 반갑습니다.
563, 603, 841, 918, 539, 653, 617, 557, 안녕하세요. 반갑습니다.
749, 568, 981, 823, 414, 574, 653, 447, 안녕하세요. 반갑습니다. 반갑습니다.
955, 1009, 1298, 1255, 513, 660, 641, 546, 안녕하세요. 반갑습니다. 반갑습니다.
1053, 1069, 1337, 1116, 437, 507, 553, 436, 안녕하세요. 반갑습니다.
698, 551, 824, 851, 513, 609, 712, 516, 안녕하세요. 반갑습니다. 반갑습니다.
889, 896, 1311, 1332, 414, 432, 505, 361, 누구세요.
1139, 1140, 1237, 1231, 583, 661, 759, 550, 안녕하세요. 반갑습니다.
904, 918, 1155, 1112, 373, 458, 489, 314, 안녕하세요. 반갑습니다. 반갑습니다. 반갑습니다.
619, 580, 936, 755, 598, 755, 758, 627, 안녕하세요. 반갑습니다.
985, 864, 1054, 1208, 346, 534, 488, 313, 안녕하세요. 반갑습니다. 반갑습니다.
743, 620, 955, 961, 539, 727, 678, 615, 안녕하세요. 반갑습니다. 반갑습니다. 반갑습니다.
989, 1095, 1190, 1264, 355, 561, 594, 435, 안녕하세요. 반갑습니다.
673, 865, 935, 997, 445, 493, 596, 409, 안녕하세요. 반갑습니다. 반갑습니다. 반갑습니다.
946, 976, 1226, 1295, 651, 759, 772, 602, 안녕하세요. 반갑습니다.
767, 741, 997, 1030, 433, 454, 487, 435, 안녕하세요. 반갑습니다.
1108, 1122, 1286, 1325, 585, 785, 727, 579, 안녕하세요. 반갑습니다. 반갑습니다. 반갑습니다.
832, 658, 1116, 1003, 563, 719, 771, 600, 누구세요.
508, 596, 837, 958, 524, 658, 702, 537, 안녕하세요. 반갑습니다. 반갑습니다. 반갑습니다.
720, 755, 1036, 1088, 410, 532, 559, 420, 안녕하세요. 반갑습니다.
716, 708, 798, 812, 344, 525, 549, 351, 안녕하세요. 반갑습니다.
920, 890, 1296, 1178, 535, 731, 776, 508, 안녕하세요. 반갑습니다. 반갑습니다.
1059, 950, 1165, 1187, 359, 493, 498, 350, 안녕하세요. 반갑습니다. 반갑습니다.
742, 942, 1007, 1203, 422, 549, 619, 380, 안녕하세요. 반갑습니다.
825, 622, 851, 955, 446, 656, 534, 473, 안녕하세요. 반갑습니다. 반갑습니다. 반갑습니다.
587, 648, 858, 793, 463, 540, 516, 373, 안녕하세요. 반갑습니다. 반갑습니다.
1079, 1037, 1224, 1230, 378, 561, 480, 338, 안녕하세요. 반갑습니다. 반갑습니다. 반갑습니다.
880, 1065, 1213, 1356, 373, 533, 517, 420, 누구세요.
678, 545, 883, 1007, 381, 544, 571, 363, 안녕하세요. 반갑습니다. 반갑습니다. 반갑습니다.
888, 958, 1087, 1082, 327, 533, 462, 301, 안녕하세요. 반갑습니다. 반갑습니다.
807, 703, 991, 881, 355, 459, 509, 399, 안녕하세요. 반갑습니다. 반갑습니다. 반갑습니다.
693, 720, 911, 985, 573, 659, 656, 522, 안녕하세요. 반갑습니다. 반갑습니다. 반갑습니다.
941, 813, 1138, 1068, 543, 669, 636, 538, 안녕하세요. 반갑습니다. 반갑습니다.
867, 946, 1181, 973, 428, 617, 580, 453, 안녕하세요. 반갑습니다. 반갑습니다. 반갑습니다.
865, 954, 1173, 1159, 574, 699, 610, 540, 안녕하세요. 반갑습니다. 반갑습니다.
870, 843, 1068, 964, 579, 666, 694, 520, 안녕하세요. 반갑습니다.
602, 714, 995, 925, 460, 654, 565, 431, 안녕하세요. 반갑습니다. 반갑습니다. 반갑습니다.
677, 846, 879, 1017, 365, 552, 560, 347, 누구세요.
617, 628, 899, 935, 456, 600, 661, 466, 안녕하세요. 반갑습니다. 반갑습니다. 반갑습니다.
977, 865, 1203, 1288, 509, 556, 687, 456, 안녕하세요. 반갑습니다.
776, 799, 1151, 1193, 410, 504, 584, 436, 안녕하세요. 반갑습니다.
798, 772, 1059, 1081, 398, 558, 516, 345, 안녕하세요. 반갑습니다. 반갑습니다.
950, 879, 1067, 1174, 415, 541, 577, 417, 안녕하세요. 반갑습니다. 반갑습니다. 반갑습니다.
960, 952, 1256, 1168, 390, 537, 444, 301, 안녕하세요. 반갑습니다. 반갑습니다.
895, 941, 1100, 1102, 407, 533, 541, 323, 안녕하세요. 반갑습니다. 반갑습니다. 반갑습니다.
942, 1120, 1145, 1146, 464, 672, 558, 460, 누구세요.
731, 630, 761, 849, 449, 509, 466, 367, 안녕하세요. 반갑습니다.
754, 662, 1008, 918, 381, 439, 483, 425, 누구세요.
736, 716, 902, 881, 351, 488, 465, 380, 안녕하세요. 반갑습니다. 반갑습니다.
979, 998, 1287, 1139, 530, 644, 649, 438, 안녕하세요. 반갑습니다. 반갑습니다. 반갑습니다.
911, 992, 1065, 1060, 425, 547, 519, 425, 누구세요.
824, 968, 1013, 1140, 321, 512, 458, 310, 누구세요.
678, 637, 958, 1058, 348, 516, 526, 298, 안녕하세요. 반갑습니다. 반갑습니다.
878, 926, 1179, 1274, 417, 457, 466, 328, 누구세요.
968, 1045, 1167, 1161, 450, 470, 514, 390, 안녕하세요. 반갑습니다. 반갑습니다. 반갑습니다.
608, 682, 845, 880, 437, 586, 623, 489, 안녕하세요. 반갑습니다. 반갑습니다.
772, 810, 1233, 1096, 322, 526, 520, 320, 안녕하세요. 반갑습니다. 반갑습니다.
972, 909, 1155, 1124, 466, 538, 520, 400, 누구세요.
845, 631, 926, 935, 509, 653, 576, 509, 누구세요.
925, 1046, 1086, 1124, 589, 629, 672, 471, 안녕하세요. 반갑습니다. 반갑습니다.
791, 815, 1148, 1002, 405, 558, 515, 383, 안녕하세요. 반갑습니다. 반갑습니다.
1072, 941, 1187, 1335, 400, 530, 564, 390, 안녕하세요. 반갑습니다. 반갑습니다. 반갑습니다.
1081, 1063, 1239, 1183, 517, 608, 556, 433, 누구세요.
989, 1045, 1085, 1088, 556, 682, 582, 520, 누구세요.
937, 873, 1139, 1181, 424, 483, 524, 438, 안녕하세요. 반갑습니다. 반갑습니다. 반갑습니다.
1086, 992, 1373, 1379, 358, 467, 438, 353, 안녕하세요. 반갑습니다. 반갑습니다. 반갑습니다.
675, 629, 962, 878, 440, 459, 496, 423, 안녕하세요. 반갑습니다. 반갑습니다.
883, 837, 970, 1038, 331, 503, 497, 313, 안녕하세요. 반갑습니다.
940, 986, 1326, 1319, 498, 701, 696, 540, 안녕하세요. 반갑습니다.
833, 707, 898, 1099, 408, 580, 538, 347, 안녕하세요. 반갑습니다. 반갑습니다. 반갑습니다.
622, 576, 844, 898, 433, 492, 534, 369, 안녕하세요. 반갑습니다.
708, 705, 988, 1089, 443, 528, 504, 387, 안녕하세요. 반갑습니다. 반갑습니다. 반갑습니다.
796, 851, 1100, 1161, 544, 740, 695, 560, 안녕하세요. 반갑습니다.
883, 1083, 1258, 1191, 546, 651, 686, 604, 안녕하세요. 반갑습니다. 반갑습니다. 반갑습니다.
944, 947, 1370, 1281, 609, 699, 718, 540, 안녕하세요. 반갑습니다. 반갑습니다.
857, 1019, 1144, 1178, 423, 531, 460, 424, 안녕하세요. 반갑습니다. 반갑습니다. 반갑습니다.
1027, 847, 1119, 1284, 364, 539, 551, 379, 안녕하세요. 반갑습니다. 반갑습니다. 반갑습니다.
677, 668, 860, 887, 654, 791, 749, 639, 안녕하세요. 반갑습니다.
909, 1060, 1359, 1160, 626, 737, 700, 525, 안녕하세요. 반갑습니다.
880, 1059, 1160, 1311, 530, 586, 695, 553, 안녕하세요. 반갑습니다.
907, 989, 1195, 1317, 575, 648, 706, 547, 안녕하세요. 반갑습니다.
1142, 1117, 1344, 1240, 405, 593, 548, 422, 안녕하세요. 반갑습니다.
787, 740, 1168, 1087, 356, 566, 584, 468, 안녕하세요. 반갑습니다. 반갑습니다. 반갑습니다.
944, 758, 1178, 1051, 396, 454, 549, 312, 안녕하세요. 반갑습니다. 반갑습니다.
780, 812, 983, 1016, 338, 544, 512, 324, 안녕하세요. 반갑습니다. 반갑습니다.
1031, 1035, 1298, 1179, 565, 685, 586, 545, 안녕하세요. 반갑습니다. 반갑습니다. 반갑습니다.
891, 890, 1015, 1112, 392, 498, 479, 422, 누구세요.
634, 649, 783, 907, 470, 586, 624, 477, 안녕하세요. 반갑습니다.
1060, 1083, 1297, 1138, 551, 675, 686, 525, 안녕하세요. 반갑습니다. 반갑습니다. 반갑습니다.
1130, 992, 1432, 1196, 474, 625, 671, 567, 안녕하세요. 반갑습니다. 반갑습니다. 반갑습니다.
720, 796, 1023, 914, 448, 616, 671, 502, 누구세요.
910, 805, 1138, 1061, 376, 522, 613, 437, 안녕하세요. 반갑습니다. 반갑습니다.
672, 818, 1073, 963, 509, 614, 708, 611, 안녕하세요. 반갑습니다. 반갑습니다.
708, 775, 880, 992, 513, 655, 633, 463, 안녕하세요. 반갑습니다. 반갑습니다. 반갑습니다.
1093, 874, 1179, 1153, 510, 619, 575, 422, 누구세요.
872, 830, 1233, 1188, 557, 753, 711, 642, 안녕하세요. 반갑습니다. 반갑습니다.
703, 613, 879, 1001, 566, 679, 708, 573, 안녕하세요. 반갑습니다. 반갑습니다. 반갑습니다.
1089, 944, 1234, 1175, 512, 616, 697, 511, 안녕하세요. 반갑습니다. 반갑습니다. 반갑습니다.
945, 932, 1161, 1122, 435, 498, 534, 379, 안녕하세요. 반갑습니다. 반갑습니다.
745, 843, 1110, 966, 469, 654, 631, 472, 안녕하세요. 반갑습니다. 반갑습니다. 반갑습니다.
782, 671, 998, 995, 545, 609, 675, 493, 안녕하세요. 반갑습니다. 반갑습니다.
1019, 838, 1154, 1249, 603, 637, 704, 621, 안녕하세요. 반갑습니다. 반갑습니다.
979, 910, 1275, 1268, 665, 693, 738, 665, 안녕하세요. 반갑습니다. 반갑습니다. 반갑습니다.
884, 879, 1155, 1198, 500, 698, 727, 577, 누구세요.
758, 848, 1070, 962, 456, 597, 551, 401, 안녕하세요. 반갑습니다.
926, 1019, 1200, 1235, 462, 719, 609, 513, 안녕하세요. 반갑습니다.
907, 798, 927, 998, 471, 498, 501, 416, 안녕하세요. 반갑습니다. 반갑습니다. 반갑습니다.
758, 628, 1007, 982, 341, 504, 419, 382, 안녕하세요. 반갑습니다. 반갑습니다. 반갑습니다.
749, 898, 1141, 1155, 584, 756, 650, 602, 누구세요.
621, 636, 983, 1044, 544, 770, 769, 520, 안녕하세요. 반갑습니다. 반갑습니다. 반갑습니다.
655, 749, 919, 1036, 384, 568, 576, 375, 안녕하세요. 반갑습니다. 반갑습니다.
860, 992, 1091, 1040, 466, 640, 660, 432, 안녕하세요. 반갑습니다. 반갑습니다.
728, 923, 1114, 966, 540, 712, 624, 458, 누구세요.
886, 1036, 1161, 1086, 441, 523, 533, 427, 안녕하세요. 반갑습니다. 반갑습니다.
631, 761, 869, 810, 445, 645, 658, 567, 안녕하세요. 반갑습니다. 반갑습니다. 반갑습니다.
1092, 923, 1300, 1239, 299, 488, 502, 385, 안녕하세요. 반갑습니다. 반갑습니다.
716, 694, 828, 998, 492, 622, 733, 534, 누구세요.
912, 945, 1157, 1063, 300, 431, 486, 314, 누구세요.
1002, 865, 1263, 1107, 555, 618, 630, 569, 누구세요.
891, 915, 1060, 994, 589, 697, 675, 593, 안녕하세요. 반갑습니다. 반갑습니다. 반갑습니다.
853, 739, 1028, 1084, 541, 657, 657, 553, 누구세요.
625, 662, 811, 779, 513, 585, 549, 446, 안녕하세요. 반갑습니다. 반갑습니다.
802, 670, 977, 993, 530, 677, 656, 553, 안녕하세요. 반갑습니다.
690, 629, 816, 896, 429, 557, 574, 527, 누구세요.
726, 827, 1085, 915, 382, 547, 576, 427, 안녕하세요. 반갑습니다. 반갑습니다.
1027, 1070, 1210, 1206, 484, 617, 725, 486, 누구세요.
687, 745, 905, 915, 458, 550, 514, 467, 안녕하세요. 반갑습니다. 반갑습니다.
982, 854, 1258, 1209, 457, 562, 538, 413, 안녕하세요. 반갑습니다. 반갑습니다. 반갑습니다.
762, 746, 910, 880, 418, 538, 543, 440, 안녕하세요. 반갑습니다. 반갑습니다. 반갑습니다.
721, 764, 1154, 1138, 435, 648, 634, 511, 안녕하세요. 반갑습니다. 반갑습니다. 반갑습니다.
952, 1028, 1297, 1331, 442, 569, 592, 389, 안녕하세요. 반갑습니다.
765, 729, 1088, 1096, 438, 596, 686, 509, 안녕하세요. 반갑습니다. 반갑습니다.
1022, 1024, 1348, 1421, 447, 588, 660, 572, 안녕하세요. 반갑습니다. 반갑습니다.
966, 1071, 1228, 1421, 574, 780, 747, 638, 안녕하세요. 반갑습니다.
873, 938, 1209, 1047, 477, 588, 620, 543, 안녕하세요. 반갑습니다.
957, 916, 1320, 1243, 461, 603, 703, 550, 안녕하세요. 반갑습니다. 반갑습니다.
897, 840, 983, 946, 305, 493, 514, 312, 안녕하세요. 반갑습니다. 반갑습니다. 반갑습니다.
1006, 972, 1374, 1202, 544, 702, 776, 622, 안녕하세요. 반갑습니다. 반갑습니다.
747, 761, 1144, 1039, 337, 558, 506, 418, 누구세요.
947, 1077, 1185, 1153, 368, 503, 442, 407, 누구세요.
550, 576, 767, 947, 408, 510, 551, 342, 누구세요.
686, 833, 948, 969, 369, 545, 566, 341, 안녕하세요. 반갑습니다. 반갑습니다.
959, 954, 1295, 1306, 493, 575, 620, 404, 안녕하세요. 반갑습니다.
614, 622, 956, 866, 506, 625, 607, 521, 안녕하세요. 반갑습니다.
803, 875, 1074, 987, 388, 581, 523, 381, 누구세요.
1117, 971, 1241, 1348, 602, 722, 629, 520, 안녕하세요. 반갑습니다. 반갑습니다.
921, 1042, 1386, 1341, 551, 677, 698, 602, 안녕하세요. 반갑습니다. 반갑습니다. 반갑습니다.
827, 650, 1076, 958, 591, 656, 646, 611, 안녕하세요. 반갑습니다.
728, 801, 1004, 1031, 362, 585, 519, 358, 안녕하세요. 반갑습니다. 반갑습니다. 반갑습니다.
692, 893, 1057, 1076, 475, 568, 573, 416, 안녕하세요. 반갑습니다. 반갑습니다.
1067, 1090, 1290, 1207, 507, 624, 611, 443, 안녕하세요. 반갑습니다. 반갑습니다.
716, 838, 926, 993, 463, 609, 592, 405, 안녕하세요. 반갑습니다. 반갑습니다.
1112, 934, 1217, 1237, 556, 669, 671, 570, 누구세요.
1105, 1066, 1395, 1276, 466, 550, 641, 524, 안녕하세요. 반갑습니다. 반갑습니다.
646, 741, 1010, 932, 499, 521, 559, 409, 누구세요.
849, 694, 1091, 921, 569, 763, 798, 557, 안녕하세요. 반갑습니다.
829, 772, 1189, 1233, 508, 603, 608, 422, 안녕하세요. 반갑습니다.
1083, 947, 1128, 1197, 563, 664, 781, 529, 안녕하세요. 반갑습니다. 반갑습니다. 반갑습니다.
973, 970, 1192, 1203, 607, 677, 758, 610, 안녕하세요. 반갑습니다.
715, 748, 1133, 981, 547, 714, 715, 633, 누구세요.
896, 1043, 1289, 1089, 354, 530, 525, 355, 안녕하세요. 반갑습니다. 반갑습니다. 반갑습니다.
823, 971, 1191, 1195, 372, 530, 542, 341, 안녕하세요. 반갑습니다. 반갑습니다. 반갑습니다.
682, 585, 829, 841, 382, 594, 613, 434, 안녕하세요. 반갑습니다.
732, 592, 771, 805, 532, 684, 660, 520, 누구세요.
736, 859, 1047, 1104, 428, 593, 523, 381, 누구세요.
994, 822, 1190, 1070, 369, 545, 526, 452, 안녕하세요. 반갑습니다. 반갑습니다.
826, 867, 1136, 1178, 326, 473, 510, 398, 누구세요.
1139, 1105, 1281, 1406, 571, 709, 755, 555, 안녕하세요. 반갑습니다.
788, 768, 1145, 1091, 546, 754, 648, 608, 누구세요.
885, 900, 999, 981, 403, 600, 560, 480, 안녕하세요. 반갑습니다. 반갑습니다. 반갑습니다.
772, 826, 1056, 1116, 391, 503, 565, 323, 안녕하세요. 반갑습니다.
607, 816, 856, 905, 592, 678, 655, 559, 누구세요.
685, 624, 1017, 909, 507, 562, 541, 441, 안녕하세요. 반갑습니다. 반갑습니다. 반갑습니다.
924, 804, 976, 1076, 339, 468, 531, 323, 안녕하세요. 반갑습니다. 반갑습니다. 반갑습니다.
965, 955, 1232, 1330, 465, 514, 522, 482, 안녕하세요. 반갑습니다. 반갑습니다. 반갑습니다.
933, 1003, 1102, 1315, 479, 688, 629, 479, 안녕하세요. 반갑습니다.
1110, 975, 1340, 1212, 413, 557, 492, 389, 안녕하세요. 반갑습니다. 반갑습니다. 반갑습니다.
936, 1063, 1307, 1312, 550, 570, 646, 461, 안녕하세요. 반갑습니다. 반갑습니다. 반갑습니다.
931, 814, 1151, 1032, 438, 481, 480, 408, 안녕하세요. 반갑습니다. 반갑습니다. 반갑습니다.
859, 905, 1221, 1177, 463, 702, 690, 556, 안녕하세요. 반갑습니다. 반갑습니다.
673, 696, 900, 1017, 294, 502, 506, 294, 누구세요.
1145, 987, 1239, 1183, 460, 636, 655, 553, 안녕하세요. 반갑습니다. 반갑습니다.
672, 673, 957, 986, 414, 571, 496, 389, 누구세요.
991, 908, 1268, 1156, 494, 626, 666, 499, 안녕하세요. 반갑습니다. 반갑습니다. 반갑습니다.
559, 585, 816, 980, 374, 569, 537, 400, 안녕하세요. 반갑습니다. 반갑습니다.
982, 969, 1179, 1139, 475, 706, 626, 498, 안녕하세요. 반갑습니다. 반갑습니다. 반갑습니다.
1002, 873, 1048, 1155, 621, 725, 681, 518, 안녕하세요. 반갑습니다. 반갑습니다.
791, 836, 948, 922, 562, 801, 784, 550, 누구세요.
853, 830, 1029, 1252, 532, 714, 729, 570, 누구세요.
953, 863, 1184, 1077, 360, 457, 448, 320, 안녕하세요. 반갑습니다.
657, 698, 803, 927, 398, 562, 543, 356, 안녕하세요. 반갑습니다.
680, 788, 937, 1032, 597, 693, 653, 618, 안녕하세요. 반갑습니다. 반갑습니다. 반갑습니다.
670, 840, 964, 1104, 456, 657, 665, 559, 안녕하세요. 반갑습니다. 반갑습니다.
736, 676, 1056, 913, 416, 591, 619, 453, 안녕하세요. 반갑습니다. 반갑습니다.
762, 670, 929, 967, 536, 632, 583, 469, 안녕하세요. 반갑습니다. 반갑습니다. 반갑습니다.
703, 554, 961, 830, 583, 754, 745, 630, 안녕하세요. 반갑습니다. 반갑습니다.
1089, 1051, 1370, 1394, 451, 616, 602, 452, 안녕하세요. 반갑습니다. 반갑습니다. 반갑습니다.
705, 892, 1093, 1091, 438, 542, 587, 512, 누구세요.
866, 948, 1183, 1113, 542, 580, 674, 535, 안녕하세요. 반갑습니다. 반갑습니다.
1033, 879, 1272, 1062, 565, 580, 697, 560, 누구세요.
798, 962, 1144, 1088, 611, 739, 782, 527, 안녕하세요. 반갑습니다. 반갑습니다. 반갑습니다.
739, 681, 844, 949, 552, 693, 686, 556, 누구세요.
691, 658, 958, 811, 545, 677, 715, 476, 안녕하세요. 반갑습니다. 반갑습니다.
695, 714, 1009, 874, 520, 743, 654, 567, 안녕하세요. 반갑습니다. 반갑습니다. 반갑습니다.
966, 1089, 1356, 1296, 384, 525, 613, 483, 안녕하세요. 반갑습니다. 반갑습니다.
887, 856, 1100, 1129, 628, 777, 686, 624, 안녕하세요. 반갑습니다. 반갑습니다.
1071, 982, 1297, 1221, 359, 480, 463, 387, 안녕하세요. 반갑습니다.
848, 674, 1054, 964, 416, 620, 617, 524, 누구세요.
659, 686, 995, 901, 320, 573, 574, 350, 누구세요.
891, 1012, 1150, 1190, 347, 529, 568, 434, 안녕하세요. 반갑습니다. 반갑습니다. 반갑습니다.
1089, 1020, 1306, 1332, 537, 758, 628, 576, 누구세요.
734, 602, 1025, 983, 368, 439, 510, 353, 안녕하세요. 반갑습니다. 반갑습니다.
758, 742, 956, 818, 513, 648, 755, 615, 안녕하세요. 반갑습니다.
1052, 1148, 1299, 1357, 623, 703, 689, 601, 안녕하세요. 반갑습니다. 반갑습니다. 반갑습니다.
1009, 906, 1138, 1335, 498, 668, 642, 472, 안녕하세요. 반갑습니다.
934, 870, 1051, 1112, 397, 438, 426, 290, 누구세요.
542, 523, 886, 872, 373, 598, 503, 350, 안녕하세요. 반갑습니다.
628, 621, 759, 881, 414, 611, 612, 359, 안녕하세요. 반갑습니다. 반갑습니다.
879, 717, 1007, 1001, 587, 681, 656, 496, 안녕하세요. 반갑습니다.
705, 789, 917, 875, 421, 597, 599, 442, 안녕하세요. 반갑습니다. 반갑습니다.
663, 607, 894, 894, 473, 577, 544, 478, 누구세요.
1118, 1073, 1320, 1270, 401, 496, 568, 347, 안녕하세요. 반갑습니다.
1136, 1059, 1229, 1372, 525, 736, 677, 498, 누구세요.
1066, 963, 1269, 1353, 377, 490, 588, 411, 안녕하세요. 반갑습니다. 반갑습니다.
837, 807, 1044, 1074, 600, 700, 781, 602, 안녕하세요. 반갑습니다. 반갑습니다.
919, 1007, 1273, 1145, 410, 576, 565, 398, 안녕하세요. 반갑습니다. 반갑습니다.
1019, 1057, 1209, 1193, 517, 731, 742, 558, 안녕하세요. 반갑습니다. 반갑습니다. 반갑습니다.
763, 707, 942, 1074, 572, 705, 638, 486, 안녕하세요. 반갑습니다.
977, 969, 1371, 1345, 379, 464, 576, 392, 안녕하세요. 반갑습니다. 반갑습니다.
895, 1095, 1105, 1293, 454, 648, 702, 509, 안녕하세요. 반갑습니다.
1005, 969, 1094, 1233, 440, 621, 501, 436, 안녕하세요. 반갑습니다.
835, 804, 1047, 1118, 354, 498, 485, 438, 누구세요.
1034, 984, 1112, 1260, 377, 486, 461, 356, 안녕하세요. 반갑습니다. 반갑습니다.
695, 673, 973, 782, 578, 657, 690, 542, 안녕하세요. 반갑습니다. 반갑습니다.
719, 759, 1051, 1059, 471, 526, 566, 356, 안녕하세요. 반갑습니다.
655, 633, 924, 858, 625, 731, 721, 632, 안녕하세요. 반갑습니다. 반갑습니다.
984, 828, 990, 1127, 536, 668, 635, 538, 안녕하세요. 반갑습니다. 반갑습니다. 반갑습니다.
979, 1071, 1288, 1411, 517, 554, 572, 533, 누구세요.
711, 524, 740, 806, 548, 684, 677, 556, 안녕하세요. 반갑습니다. 반갑습니다. 반갑습니다.
749, 892, 998, 1023, 596, 688, 794, 553, 안녕하세요. 반갑습니다. 반갑습니다. 반갑습니다.
1037, 996, 1227, 1331, 419, 650, 675, 432, 안녕하세요. 반갑습니다. 반갑습니다. 반갑습니다.
1011, 976, 1266, 1249, 480, 686, 642, 452, 안녕하세요. 반갑습니다. 반갑습니다. 반갑습니다.
654, 758, 1043, 1018, 445, 524, 541, 441, 안녕하세요. 반갑습니다. 반갑습니다. 반갑습니다.
554, 714, 775, 901, 392, 595, 553, 381, 안녕하세요. 반갑습니다. 반갑습니다.
713, 849, 1048, 990, 344, 525, 522, 425, 누구세요.
832, 1000, 1158, 1294, 491, 609, 541, 438, 안녕하세요. 반갑습니다. 반갑습니다. 반갑습니다.
1013, 887, 1061, 1199, 460, 591, 622, 544, 안녕하세요. 반갑습니다. 반갑습니다.
942, 966, 1258, 1163, 479, 597, 569, 507, 누구세요.
925, 931, 1266, 1245, 377, 536, 423, 356, 누구세요.
790, 920, 1124, 1080, 603, 732, 717, 595, 누구세요.
718, 741, 1122, 1116, 575, 717, 708, 543, 안녕하세요. 반갑습니다. 반갑습니다. 반갑습니다.
614, 614, 1043, 819, 355, 553, 529, 357, 안녕하세요. 반갑습니다.
526, 574, 895, 884, 594, 688, 651, 470, 안녕하세요. 반갑습니다.
612, 550, 755, 929, 602, 701, 611, 574, 안녕하세요. 반갑습니다. 반갑습니다.
1035, 1070, 1223, 1210, 419, 548, 610, 405, 누구세요.
772, 722, 1119, 1010, 426, 546, 592, 456, 안녕하세요. 반갑습니다. 반갑습니다.
1033, 1081, 1264, 1268, 524, 680, 720, 626, 안녕하세요. 반갑습니다. 반갑습니다. 반갑습니다.
789, 842, 1123, 1205, 504, 607, 655, 481, 안녕하세요. 반갑습니다.
901, 841, 1136, 968, 523, 753, 723, 548, 안녕하세요. 반갑습니다.
722, 618, 1011, 932, 538, 637, 734, 543, 안녕하세요. 반갑습니다.
576, 559, 917, 778, 566, 781, 690, 602, 안녕하세요. 반갑습니다. 반갑습니다.
915, 842, 1018, 1152, 514, 671, 646, 476, 안녕하세요. 반갑습니다. 반갑습니다.
822, 886, 986, 1124, 440, 646, 647, 484, 안녕하세요. 반갑습니다.
1118, 1082, 1225, 1354, 370, 531, 533, 338, 안녕하세요. 반갑습니다. 반갑습니다. 반갑습니다.
1044, 941, 1161, 1187, 362, 520, 573, 456, 누구세요.
571, 701, 833, 976, 502, 610, 665, 483, 안녕하세요. 반갑습니다. 반갑습니다.
681, 748, 1021, 1028, 330, 510, 451, 369, 안녕하세요. 반갑습니다. 반갑습니다. 반갑습니다.
1114, 1084, 1267, 1198, 384, 582, 539, 416, 안녕하세요. 반갑습니다. 반갑습니다. 반갑습니다.
576, 632, 868, 863, 504, 605, 662, 501, 안녕하세요. 반갑습니다. 반갑습니다.
772, 774, 1019, 833, 524, 698, 724, 538, 안녕하세요. 반갑습니다. 반갑습니다.
818, 991, 1084, 1015, 311, 449, 571, 346, 누구세요.
752, 928, 955, 1180, 545, 597, 589, 519, 안녕하세요. 반갑습니다.
773, 780, 891, 872, 438, 553, 542, 336, 안녕하세요. 반갑습니다. 반갑습니다. 반갑습니다.
970, 1062, 1291, 1329, 495, 622, 614, 550, 안녕하세요. 반갑습니다. 반갑습니다. 반갑습니다.
719, 584, 762, 772, 445, 532, 600, 474, 안녕하세요. 반갑습니다. 반갑습니다.
913, 840, 1153, 1152, 532, 666, 766, 561, 안녕하세요. 반갑습니다.
749, 610, 832, 965, 421, 606, 488, 376, 누구세요.
566, 607, 876, 833, 606, 629, 624, 544, 안녕하세요. 반갑습니다.
804, 861, 1201, 1194, 429, 639, 573, 480, 안녕하세요. 반갑습니다. 반갑습니다.
871, 906, 1150, 1115, 373, 454, 485, 317, 안녕하세요. 반갑습니다.
1130, 971, 1183, 1348, 535, 654, 593, 461, 안녕하세요. 반갑습니다.
615, 699, 903, 801, 608, 698, 634, 498, 안녕하세요. 반갑습니다.
640, 717, 1045, 920, 422, 578, 625, 503, 안녕하세요. 반갑습니다. 반갑습니다. 반갑습니다.
653, 697, 876, 880, 494, 652, 754, 552, 안녕하세요. 반갑습니다. 반갑습니다. 반갑습니다.
550, 575, 831, 844, 367, 566, 518, 411, 누구세요.
895, 760, 1022, 1139, 622, 647, 679, 584, 안녕하세요. 반갑습니다. 반갑습니다.
734, 959, 1066, 1089, 411, 536, 550, 439, 누구세요.
1046, 894, 1348, 1188, 395, 546, 467, 351, 누구세요.
741, 851, 1134, 1076, 362, 518, 508, 328, 안녕하세요. 반갑습니다. 반갑습니다.
876, 916, 1040, 1208, 495, 547, 648, 500, 안녕하세요. 반갑습니다. 반갑습니다. 반갑습니다.
556, 545, 939, 953, 361, 622, 519, 384, 안녕하세요. 반갑습니다.
851, 911, 951, 986, 552, 633, 658, 480, 안녕하세요. 반갑습니다.
633, 635, 855, 1046, 337, 508, 573, 381, 안녕하세요. 반갑습니다. 반갑습니다. 반갑습니다.
887, 805, 1085, 1086, 369, 595, 521, 425, 누구세요.
800, 666, 930, 1009, 592, 771, 792, 529, 안녕하세요. 반갑습니다.
605, 631, 942, 853, 320, 484, 521, 300, 안녕하세요. 반갑습니다.
730, 690, 979, 906, 654, 779, 803, 616, 안녕하세요. 반갑습니다. 반갑습니다.
1161, 1110, 1221, 1236, 406, 572, 548, 370, 누구세요.
841, 685, 1027, 934, 620, 762, 732, 536, 안녕하세요. 반갑습니다. 반갑습니다. 반갑습니다.
735, 820, 1017, 1053, 306, 553, 526, 352, 안녕하세요. 반갑습니다.
970, 988, 1167, 1238, 583, 629, 678, 467, 누구세요.
1008, 935, 1137, 1347, 566, 714, 713, 513, 안녕하세요. 반갑습니다. 반갑습니다. 반갑습니다.
814, 826, 1005, 1015, 377, 608, 541, 384, 안녕하세요. 반갑습니다. 반갑습니다.
995, 923, 1112, 1075, 457, 584, 624, 395, 안녕하세요. 반갑습니다.
994, 905, 1213, 1159, 510, 680, 636, 598, 안녕하세요. 반갑습니다.
766, 877, 1006, 969, 322, 571, 582, 439, 안녕하세요. 반갑습니다. 반갑습니다.
830, 908, 1183, 1085, 563, 719, 649, 592, 안녕하세요. 반갑습니다.
688, 582, 907, 906, 549, 718, 677, 536, 안녕하세요. 반갑습니다. 반갑습니다. 반갑습니다.
1001, 963, 1259, 1369, 607, 660, 684, 573, 안녕하세요. 반갑습니다. 반갑습니다. 반갑습니다.
963, 1062, 1252, 1121, 508, 663, 742, 597, 안녕하세요. 반갑습니다. 반갑습니다.
863, 877, 1053, 1037, 607, 681, 632, 611, 안녕하세요. 반갑습니다. 반갑습니다.
658, 665, 980, 925, 513, 586, 601, 430, 안녕하세요. 반갑습니다.
1059, 1122, 1280, 1369, 315, 521, 452, 433, 안녕하세요. 반갑습니다. 반갑습니다.
759, 614, 932, 958, 471, 646, 553, 548, 안녕하세요. 반갑습니다. 반갑습니다. 반갑습니다.
638, 685, 962, 793, 413, 631, 520, 450, 안녕하세요. 반갑습니다. 반갑습니다. 반갑습니다.
859, 756, 982, 1174, 548, 635, 555, 428, 누구세요.
537, 601, 961, 947, 484, 685, 647, 577, 안녕하세요. 반갑습니다.
821, 862, 1032, 1126, 433, 597, 581, 530, 누구세요.
859, 772, 1098, 1001, 647, 768, 678, 589, 누구세요.
762, 789, 1055, 937, 451, 611, 550, 400, 안녕하세요. 반갑습니다. 반갑습니다. 반갑습니다.
796, 835, 1198, 1060, 448, 521, 619, 420, 누구세요.
942, 953, 1079, 1209, 291, 551, 523, 285, 안녕하세요. 반갑습니다.
830, 982, 1298, 1084, 468, 569, 669, 500, 누구세요.
800, 819, 1221, 1227, 452, 562, 575, 461, 안녕하세요. 반갑습니다. 반갑습니다.
844, 985, 1136, 1208, 540, 643, 705, 548, 안녕하세요. 반갑습니다. 반갑습니다.
760, 809, 944, 933, 405, 477, 470, 372, 안녕하세요. 반갑습니다.
745, 778, 1053, 1115, 658, 727, 723, 563, 안녕하세요. 반갑습니다.
724, 952, 1203, 1089, 493, 619, 549, 444, 안녕하세요. 반갑습니다.
766, 771, 899, 1033, 536, 699, 770, 544, 누구세요.
864, 1026, 1093, 1140, 502, 664, 707, 484, 안녕하세요. 반갑습니다. 반갑습니다.
878, 822, 997, 990, 656, 782, 674, 656, 안녕하세요. 반갑습니다. 반갑습니다. 반갑습니다.
733, 688, 864, 1001, 324, 516, 435, 318, 안녕하세요. 반갑습니다. 반갑습니다. 반갑습니다.
845, 949, 1146, 1197, 633, 707, 722, 625, 누구세요.
664, 705, 980, 787, 513, 560, 577, 500, 안녕하세요. 반갑습니다.
634, 643, 876, 909, 491, 595, 599, 414, 안녕하세요. 반갑습니다.
1059, 1046, 1087, 1280, 439, 584, 598, 390, 누구세요.
962, 828, 1212, 1031, 631, 761, 720, 596, 누구세요.
921, 823, 1259, 1222, 652, 782, 752, 543, 누구세요.
1067, 1117, 1152, 1359, 398, 650, 644, 426, 안녕하세요. 반갑습니다. 반갑습니다. 반갑습니다.
965, 895, 1282, 1280, 500, 538, 593, 420, 안녕하세요. 반갑습니다.
914, 871, 1204, 1075, 548, 632, 658, 505, 누구세요.
997, 851, 1075, 1275, 536, 670, 669, 503, 누구세요.
957, 1010, 1232, 1105, 447, 542, 519, 477, 안녕하세요. 반갑습니다. 반갑습니다. 반갑습니다.
751, 680, 846, 877, 362, 496, 471, 392, 안녕하세요. 반갑습니다.
1109, 922, 1330, 1181, 423, 507, 563, 422, 안녕하세요. 반갑습니다.
873, 854, 1237, 1271, 320, 496, 474, 288, 안녕하세요. 반갑습니다. 반갑습니다. 반갑습니다.
680, 608, 789, 775, 400, 565, 604, 454, 안녕하세요. 반갑습니다.
648, 667, 854, 1005, 297, 409, 480, 279, 안녕하세요. 반갑습니다.
1052, 983, 1249, 1219, 637, 670, 718, 605, 안녕하세요. 반갑습니다. 반갑습니다. 반갑습니다.
792, 875, 1025, 1005, 491, 609, 714, 575, 안녕하세요. 반갑습니다. 반갑습니다.
865, 799, 1065, 1204, 443, 613, 570, 471, 안녕하세요. 반갑습니다.
941, 851, 1322, 1129, 428, 593, 523, 458, 안녕하세요. 반갑습니다.
1088, 883, 1197, 1335, 473, 556, 600, 434, 안녕하세요. 반갑습니다.
781, 862, 1142, 1160, 586, 675, 733, 607, 안녕하세요. 반갑습니다.
826, 787, 1050, 899, 605, 695, 673, 504, 누구세요.
767, 557, 1000, 974, 490, 600, 644, 519, 누구세요.
830, 726, 1127, 1107, 361, 556, 570, 384, 누구세요.
911, 735, 1054, 1158, 433, 588, 652, 466, 안녕하세요. 반갑습니다. 반갑습니다. 반갑습니다.
878, 850, 1273, 1237, 468, 582, 619, 517, 누구세요.
770, 653, 1121, 1016, 537, 655, 659, 515, 누구세요.
785, 750, 1036, 905, 412, 564, 553, 481, 안녕하세요. 반갑습니다. 반갑습니다. 반갑습니다.
752, 838, 993, 1024, 479, 550, 584, 472, 안녕하세요. 반갑습니다. 반갑습니다.
1095, 932, 1247, 1211, 579, 748, 667, 576, 안녕하세요. 반갑습니다.
910, 864, 1190, 1260, 438, 614, 589, 415, 안녕하세요. 반갑습니다. 반갑습니다.
748, 897, 1069, 1059, 539, 685, 648, 598, 안녕하세요. 반갑습니다.
981, 1084, 1163, 1121, 537, 632, 620, 476, 안녕하세요. 반갑습니다. 반갑습니다. 반갑습니다.
705, 665, 1133, 1022, 538, 691, 632, 549, 안녕하세요. 반갑습니다. 반갑습니다.
895, 1013, 1309, 1107, 572, 695, 718, 548, 누구세요.
1123, 1008, 1355, 1314, 454, 658, 664, 468, 안녕하세요. 반갑습니다. 반갑습니다.
934, 812, 1156, 1238, 549, 809, 696, 551, 안녕하세요. 반갑습니다. 반갑습니다.
994, 1014, 1136, 1053, 443, 591, 517, 436, 안녕하세요. 반갑습니다. 반갑습니다. 반갑습니다.
879, 1028, 1185, 1195, 387, 483, 536, 415, 누구세요.
747, 704, 953, 1078, 396, 571, 564, 469, 안녕하세요. 반갑습니다. 반갑습니다. 반갑습니다.
624, 812, 833, 952, 418, 582, 560, 374, 안녕하세요. 반갑습니다. 반갑습니다. 반갑습니다.
538, 662, 923, 844, 288, 546, 499, 371, 안녕하세요. 반갑습니다. 반갑습니다. 반갑습니다.
734, 835, 1155, 1175, 448, 587, 608, 453, 안녕하세요. 반갑습니다.
826, 743, 1066, 1041, 543, 660, 687, 518, 안녕하세요. 반갑습니다. 반갑습니다.
909, 955, 1107, 1278, 580, 704, 661, 613, 안녕하세요. 반갑습니다.
839, 827, 971, 1169, 525, 749, 662, 535, 안녕하세요. 반갑습니다. 반갑습니다.
908, 899, 1092, 1158, 418, 529, 526, 394, 안녕하세요. 반갑습니다.
763, 702, 933, 1023, 486, 622, 527, 454, 안녕하세요. 반갑습니다. 반갑습니다. 반갑습니다.
996, 981, 1225, 1226, 548, 716, 641, 602, 안녕하세요. 반갑습니다. 반갑습니다.
971, 759, 1065, 992, 312, 469, 438, 387, 안녕하세요. 반갑습니다.
871, 878, 1186, 1017, 574, 636, 591, 453, 안녕하세요. 반갑습니다. 반갑습니다. 반갑습니다.
953, 886, 1235, 1143, 516, 621, 642, 543, 안녕하세요. 반갑습니다.
1024, 952, 1108, 1226, 571, 674, 704, 570, 누구세요.
1013, 1167, 1211, 1334, 491, 674, 676, 535, 누구세요.
1005, 1129, 1190, 1157, 376, 456, 533, 337, 안녕하세요. 반갑습니다. 반갑습니다. 반갑습니다.
757, 648, 987, 845, 637, 722, 696, 614, 안녕하세요. 반갑습니다. 반갑습니다.
742, 800, 970, 909, 576, 760, 775, 556, 안녕하세요. 반갑습니다. 반갑습니다.
972, 782, 1101, 1078, 333, 548, 483, 430, 안녕하세요. 반갑습니다. 반갑습니다.
1063, 1148, 1415, 1192, 365, 469, 430, 421, 안녕하세요. 반갑습니다. 반갑습니다. 반갑습니다.
946, 931, 1039, 1162, 547, 737, 686, 555, 안녕하세요. 반갑습니다. 반갑습니다.
726, 778, 930, 796, 516, 723, 740, 553, 안녕하세요. 반갑습니다. 반갑습니다. 반갑습니다.
1002, 819, 1131, 1107, 378, 575, 626, 495, 안녕하세요. 반갑습니다. 반갑습니다.
1099, 1094, 1194, 1265, 516, 707, 747, 633, 안녕하세요. 반갑습니다. 반갑습니다.
607, 620, 1066, 865, 426, 597, 601, 420, 안녕하세요. 반갑습니다.
721, 583, 1036, 1035, 344, 454, 542, 361, 안녕하세요. 반갑습니다. 반갑습니다. 반갑습니다.
937, 939, 1107, 1109, 357, 491, 488, 353, 누구세요.
859, 823, 1160, 1102, 489, 564, 616, 394, 안녕하세요. 반갑습니다. 반갑습니다.
875, 848, 982, 1166, 561, 651, 672, 471, 안녕하세요. 반갑습니다. 반갑습니다.
722, 721, 1061, 993, 304, 555, 472, 368, 안녕하세요. 반갑습니다. 반갑습니다.
954, 920, 1250, 1158, 602, 689, 730, 633, 안녕하세요. 반갑습니다. 반갑습니다.
704, 803, 1004, 914, 503, 566, 663, 457, 누구세요.
787, 824, 1151, 1223, 403, 516, 464, 322, 누구세요.
1036, 1004, 1217, 1266, 366, 423, 502, 403, 안녕하세요. 반갑습니다.
858, 760, 978, 1056, 550, 707, 749, 543, 안녕하세요. 반갑습니다.
868, 865, 1231, 1241, 471, 671, 691, 461, 누구세요.
581, 599, 813, 979, 299, 568, 498, 359, 안녕하세요. 반갑습니다. 반갑습니다. 반갑습니다.
764, 746, 1190, 1202, 471, 520, 568, 458, 안녕하세요. 반갑습니다. 반갑습니다.
787, 925, 1123, 1143, 359, 517, 465, 353, 누구세요.
845, 901, 1194, 1199, 525, 749, 734, 588, 누구세요.
918, 996, 1066, 1235, 369, 423, 479, 401, 안녕하세요. 반갑습니다.
669, 821, 1025, 1022, 353, 580, 508, 334, 안녕하세요. 반갑습니다. 반갑습니다. 반갑습니다.
574, 634, 829, 1025, 472, 640, 609, 390, 누구세요.
866, 990, 1155, 1285, 494, 668, 679, 527, 누구세요.
606, 567, 950, 861, 403, 569, 557, 493, 안녕하세요. 반갑습니다. 반갑습니다. 반갑습니다.
918, 917, 1156, 1041, 556, 716, 707, 616, 안녕하세요. 반갑습니다.
855, 739, 1010, 932, 456, 596, 608, 366, 누구세요.
764, 803, 1196, 1075, 443, 633, 577, 567, 안녕하세요. 반갑습니다. 반갑습니다.
1048, 847, 1285, 1123, 442, 540, 566, 385, 안녕하세요. 반갑습니다. 반갑습니다.
909, 981, 1260, 1329, 380, 571, 552, 457, 안녕하세요. 반갑습니다. 반갑습니다.
939, 876, 1112, 1128, 361, 577, 576, 380, 누구세요.
1000, 811, 1212, 1150, 420, 524, 568, 409, 누구세요.
833, 983, 1017, 1164, 570, 741, 703, 504, 누구세요.
869, 907, 1210, 1187, 581, 646, 664, 587, 누구세요.
887, 772, 946, 1144, 378, 471, 483, 309, 안녕하세요. 반갑습니다.
576, 728, 755, 899, 416, 547, 613, 430, 안녕하세요. 반갑습니다.
1118, 1072, 1313, 1154, 374, 454, 512, 395, 누구세요.
986, 1132, 1242, 1222, 510, 623, 590, 554, 안녕하세요. 반갑습니다. 반갑습니다.
975, 1035, 1179, 1113, 340, 546, 504, 364, 누구세요.
1109, 1043, 1404, 1352, 525, 778, 711, 526, 안녕하세요. 반갑습니다.
653, 567, 821, 832, 320, 560, 536, 317, 안녕하세요. 반갑습니다. 반갑습니다. 반갑습니다.
979, 891, 1316, 1299, 417, 682, 632, 503, 안녕하세요. 반갑습니다. 반갑습니다.
793, 955, 1222, 1188, 322, 450, 553, 421, 누구세요.
887, 852, 1193, 1086, 581, 652, 716, 543, 안녕하세요. 반갑습니다. 반갑습니다.
922, 728, 1093, 1038, 419, 614, 626, 490, 안녕하세요. 반갑습니다.
870, 906, 1201, 1103, 478, 526, 599, 395, 안녕하세요. 반갑습니다. 반갑습니다. 반갑습니다.
1113, 999, 1333, 1190, 382, 515, 548, 436, 안녕하세요. 반갑습니다.
736, 638, 949, 878, 371, 517, 531, 373, 누구세요.
824, 699, 1004, 1060, 507, 657, 612, 525, 누구세요.
1094, 1121, 1210, 1190, 502, 620, 659, 543, 안녕하세요. 반갑습니다.
1053, 884, 1171, 1149, 364, 595, 522, 439, 누구세요.
991, 1109, 1288, 1186, 590, 729, 754, 647, 안녕하세요. 반갑습니다.
891, 1006, 1138, 1262, 456, 672, 641, 521, 안녕하세요. 반갑습니다.
625, 524, 969, 731, 453, 662, 586, 457, 안녕하세요. 반갑습니다. 반갑습니다.
893, 895, 1295, 1072, 459, 696, 679, 547, 안녕하세요. 반갑습니다.
879, 776, 1135, 975, 488, 661, 649, 443, 안녕하세요. 반갑습니다. 반갑습니다.
771, 614, 1003, 875, 408, 592, 572, 480, 안녕하세요. 반갑습니다.
1073, 891, 1311, 1367, 657, 782, 744, 638, 안녕하세요. 반갑습니다. 반갑습니다. 반갑습니다.
830, 852, 1034, 1010, 359, 477, 464, 307, 안녕하세요. 반갑습니다. 반갑습니다.
1030, 971, 1290, 1320, 352, 448, 434, 356, 안녕하세요. 반갑습니다. 반갑습니다.
969, 990, 1303, 1211, 501, 580, 681, 433, 안녕하세요. 반갑습니다. 반갑습니다. 반갑습니다.
943, 969, 1153, 1194, 409, 599, 528, 440, 안녕하세요. 반갑습니다.
952, 1006, 1231, 1293, 638, 673, 737, 563, 안녕하세요. 반갑습니다.
1038, 946, 1261, 1276, 448, 687, 617, 461, 안녕하세요. 반갑습니다.
933, 1035, 1229, 1068, 436, 517, 621, 417, 안녕하세요. 반갑습니다.
609, 765, 968, 881, 457, 669, 637, 541, 누구세요.
1061, 1008, 1363, 1322, 364, 455, 430, 384, 안녕하세요. 반갑습니다. 반갑습니다. 반갑습니다.
904, 779, 1096, 994, 385, 623, 579, 380, 안녕하세요. 반갑습니다.
1079, 1034, 1395, 1247, 473, 593, 514, 471, 안녕하세요. 반갑습니다. 반갑습니다. 반갑습니다.
1159, 1029, 1396, 1193, 600, 676, 722, 555, 누구세요.
985, 980, 1168, 1201, 343, 537, 579, 441, 안녕하세요. 반갑습니다.
850, 777, 984, 1074, 569, 689, 694, 536, 안녕하세요. 반갑습니다.
894, 936, 1187, 1230, 642, 672, 785, 540, 안녕하세요. 반갑습니다. 반갑습니다. 반갑습니다.
1021, 913, 1266, 1318, 533, 625, 630, 520, 안녕하세요. 반갑습니다.
1018, 850, 1197, 1263, 468, 604, 684, 514, 안녕하세요. 반갑습니다. 반갑습니다.
747, 557, 1016, 937, 296, 428, 465, 285, 안녕하세요. 반갑습니다. 반갑습니다.
1040, 1031, 1402, 1363, 434, 676, 648, 442, 누구세요.
761, 631, 1076, 1037, 364, 454, 486, 350, 누구세요.
761, 735, 937, 937, 553, 667, 741, 578, 안녕하세요. 반갑습니다. 반갑습니다.
791, 735, 974, 1049, 381, 579, 527, 432, 안녕하세요. 반갑습니다.
528, 559, 740, 941, 546, 621, 572, 475, 안녕하세요. 반갑습니다. 반갑습니다.
539, 599, 818, 855, 564, 639, 693, 588, 안녕하세요. 반갑습니다.
881, 962, 1161, 1111, 651, 687, 703, 528, 누구세요.
1111, 945, 1282, 1255, 645, 754, 673, 630, 안녕하세요. 반갑습니다.
1061, 1118, 1323, 1371, 400, 527, 505, 396, 누구세요.
597, 710, 866, 969, 509, 689, 744, 621, 안녕하세요. 반갑습니다.
771, 954, 1214, 1066, 593, 658, 645, 596, 누구세요.
687, 784, 1055, 994, 453, 680, 592, 460, 안녕하세요. 반갑습니다. 반갑습니다.
1091, 925, 1134, 1123, 408, 521, 585, 345, 안녕하세요. 반갑습니다. 반갑습니다. 반갑습니다.
814, 777, 1073, 967, 407, 524, 428, 367, 안녕하세요. 반갑습니다.
579, 703, 947, 902, 372, 501, 490, 314, 안녕하세요. 반갑습니다. 반갑습니다. 반갑습니다.
945, 836, 1189, 1231, 452, 611, 596, 467, 누구세요.
818, 874, 1234, 1058, 356, 469, 535, 356, 안녕하세요. 반갑습니다. 반갑습니다.
927, 1048, 1293, 1148, 594, 643, 665, 543, 안녕하세요. 반갑습니다.
1128, 996, 1360, 1265, 378, 434, 475, 305, 안녕하세요. 반갑습니다. 반갑습니다.
740, 770, 954, 1175, 584, 652, 681, 591, 안녕하세요. 반갑습니다. 반갑습니다.
879, 867, 945, 990, 387, 620, 516, 394, 누구세요.
989, 965, 1262, 1324, 539, 661, 729, 541, 누구세요.
754, 704, 840, 944, 380, 574, 454, 317, 안녕하세요. 반갑습니다.
1075, 1065, 1275, 1345, 527, 696, 623, 445, 안녕하세요. 반갑습니다. 반갑습니다. 반갑습니다.
667, 726, 923, 1030, 418, 539, 499, 354, 안녕하세요. 반갑습니다. 반갑습니다.
594, 749, 892, 998, 409, 646, 627, 405, 안녕하세요. 반갑습니다. 반갑습니다.
758, 654, 1055, 847, 288, 432, 463, 404, 안녕하세요. 반갑습니다. 반갑습니다.
708, 780, 819, 925, 489, 540, 588, 483, 안녕하세요. 반갑습니다. 반갑습니다. 반갑습니다.
1024, 1008, 1253, 1234, 655, 788, 781, 568, 누구세요.
927, 751, 1099, 1180, 432, 633, 566, 506, 안녕하세요. 반갑습니다. 반갑습니다. 반갑습니다.
884, 897, 1138, 1171, 330, 573, 534, 422, 누구세요.
1115, 1036, 1285, 1323, 333, 500, 420, 313, 안녕하세요. 반갑습니다.
700, 630, 982, 872, 552, 644, 584, 509, 안녕하세요. 반갑습니다. 반갑습니다. 반갑습니다.
837, 820, 915, 1004, 510, 675, 660, 550, 안녕하세요. 반갑습니다.
816, 991, 1223, 1066, 414, 532, 447, 374, 안녕하세요. 반갑습니다.
881, 973, 1214, 1138, 507, 591, 646, 541, 안녕하세요. 반갑습니다. 반갑습니다.
546, 552, 790, 872, 481, 604, 640, 553, 안녕하세요. 반갑습니다. 반갑습니다. 반갑습니다.
1068, 935, 1304, 1306, 536, 737, 699, 647, 안녕하세요. 반갑습니다. 반갑습니다. 반갑습니다.
969, 1188, 1370, 1212, 424, 574, 637, 495, 안녕하세요. 반갑습니다. 반갑습니다.
543, 532, 779, 758, 565, 639, 683, 517, 안녕하세요. 반갑습니다.
1138, 976, 1246, 1299, 505, 626, 661, 477, 안녕하세요. 반갑습니다. 반갑습니다. 반갑습니다.
710, 847, 1157, 1148, 530, 654, 656, 531, 누구세요.
927, 1005, 1290, 1166, 483, 662, 631, 424, 안녕하세요. 반갑습니다.
511, 674, 963, 929, 460, 591, 711, 505, 안녕하세요. 반갑습니다. 반갑습니다. 반갑습니다.
658, 615, 907, 853, 527, 633, 622, 468, 누구세요.
988, 837, 1140, 1080, 471, 662, 619, 440, 누구세요.
740, 683, 975, 861, 393, 517, 532, 399, 안녕하세요. 반갑습니다. 반갑습니다. 반갑습니다.
988, 1036, 1223, 1348, 647, 763, 743, 571, 안녕하세요. 반갑습니다. 반갑습니다.
1067, 959, 1384, 1237, 458, 572, 621, 483, 안녕하세요. 반갑습니다.
510, 620, 915, 809, 549, 738, 755, 564, 안녕하세요. 반갑습니다.
800, 900, 1015, 1086, 361, 458, 508, 331, 안녕하세요. 반갑습니다.
914, 1069, 1241, 1209, 499, 571, 562, 436, 누구세요.
885, 972, 1223, 1281, 351, 440, 509, 412, 안녕하세요. 반갑습니다.
1157, 1125, 1356, 1198, 455, 610, 534, 358, 누구세요.
918, 814, 1037, 1244, 325, 502, 432, 318, 안녕하세요. 반갑습니다. 반갑습니다.
737, 617, 949, 972, 404, 471, 511, 362, 안녕하세요. 반갑습니다.
639, 726, 991, 1080, 574, 759, 752, 505, 안녕하세요. 반갑습니다. 반갑습니다. 반갑습니다.
956, 864, 1188, 1111, 414, 626, 596, 521, 안녕하세요. 반갑습니다. 반갑습니다.
844, 678, 982, 1059, 411, 591, 562, 439, 안녕하세요. 반갑습니다.
938, 826, 1108, 1053, 498, 603, 653, 475, 안녕하세요. 반갑습니다. 반갑습니다.
836, 975, 1283, 1063, 431, 655, 609, 412, 안녕하세요. 반갑습니다.
840, 829, 1126, 927, 485, 547, 591, 539, 누구세요.
934, 965, 1009, 1074, 562, 663, 744, 594, 안녕하세요. 반갑습니다.
786, 848, 1096, 963, 319, 538, 448, 367, 안녕하세요. 반갑습니다. 반갑습니다. 반갑습니다.
604, 635, 863, 976, 515, 707, 643, 508, 안녕하세요. 반갑습니다.
738, 895, 1074, 1051, 454, 521, 609, 420, 안녕하세요. 반갑습니다. 반갑습니다. 반갑습니다.
692, 709, 930, 755, 427, 586, 551, 340, 누구세요.
859, 892, 1138, 1094, 459, 597, 636, 517, 안녕하세요. 반갑습니다.
981, 981, 1074, 1141, 520, 711, 766, 635, 안녕하세요. 반갑습니다.
795, 756, 993, 1056, 431, 635, 621, 437, 안녕하세요. 반갑습니다. 반갑습니다.
750, 752, 1053, 1153, 401, 556, 555, 429, 누구세요.
550, 644, 885, 878, 596, 724, 763, 627, 안녕하세요. 반갑습니다.
501, 648, 967, 918, 611, 767, 721, 591, 안녕하세요. 반갑습니다.
933, 875, 1125, 1273, 492, 643, 691, 608, 안녕하세요. 반갑습니다. 반갑습니다. 반갑습니다.
592, 686, 980, 927, 313, 464, 547, 404, 안녕하세요. 반갑습니다. 반갑습니다.
750, 665, 897, 816, 550, 623, 625, 546, 안녕하세요. 반갑습니다. 반갑습니다.
785, 860, 1201, 1128, 327, 507, 523, 370, 안녕하세요. 반갑습니다. 반갑습니다.
856, 868, 1318, 1278, 570, 633, 587, 488, 누구세요.
903, 924, 1121, 1146, 511, 644, 706, 609, 안녕하세요. 반갑습니다. 반갑습니다. 반갑습니다.
865, 909, 1097, 1191, 338, 535, 472, 439, 누구세요.
681, 862, 1027, 1045, 483, 582, 597, 499, 누구세요.
625, 640, 1083, 1085, 423, 606, 641, 408, 안녕하세요. 반갑습니다. 반갑습니다. 반갑습니다.
835, 877, 1085, 1236, 527, 662, 709, 524, 누구세요.
754, 623, 860, 988, 544, 682, 750, 612, 안녕하세요. 반갑습니다.
916, 987, 1100, 1297, 525, 545, 554, 427, 안녕하세요. 반갑습니다. 반갑습니다.
858, 869, 1136, 1054, 417, 476, 535, 319, 안녕하세요. 반갑습니다. 반갑습니다. 반갑습니다.
692, 827, 939, 954, 586, 666, 687, 481, 안녕하세요. 반갑습니다. 반갑습니다.
894, 995, 1193, 1149, 505, 715, 752, 558, 안녕하세요. 반갑습니다.
584, 699, 800, 804, 435, 534, 469, 421, 누구세요.
771, 695, 872, 834, 397, 591, 623, 521, 안녕하세요. 반갑습니다. 반갑습니다.
913, 899, 1214, 1167, 559, 732, 739, 597, 안녕하세요. 반갑습니다.
956, 976, 1240, 1216, 506, 670, 716, 501, 안녕하세요. 반갑습니다. 반갑습니다.
792, 705, 997, 977, 442, 534, 516, 334, 안녕하세요. 반갑습니다. 반갑습니다.
1040, 1018, 1211, 1246, 397, 536, 518, 372, 안녕하세요. 반갑습니다.
994, 984, 1218, 1196, 330, 534, 504, 366, 안녕하세요. 반갑습니다. 반갑습니다. 반갑습니다.
891, 900, 1231, 1208, 463, 582, 581, 377, 안녕하세요. 반갑습니다.
854, 867, 1052, 1071, 445, 527, 572, 343, 누구세요.
653, 733, 1075, 917, 298, 506, 444, 325, 안녕하세요. 반갑습니다. 반갑습니다. 반갑습니다.
776, 808, 1152, 1079, 533, 749, 699, 583, 안녕하세요. 반갑습니다. 반갑습니다. 반갑습니다.
1107, 1020, 1321, 1249, 330, 545, 510, 372, 안녕하세요. 반갑습니다.
750, 714, 1073, 933, 497, 719, 681, 533, 안녕하세요. 반갑습니다. 반갑습니다. 반갑습니다.
561, 495, 911, 864, 433, 536, 539, 372, 누구세요.
957, 972, 1324, 1122, 385, 532, 536, 294, 안녕하세요. 반갑습니다. 반갑습니다.
855, 787, 1024, 980, 502, 715, 744, 584, 안녕하세요. 반갑습니다. 반갑습니다. 반갑습니다.
864, 807, 1165, 1169, 629, 673, 744, 599, 안녕하세요. 반갑습니다.
562, 724, 796, 921, 328, 560, 474, 339, 누구세요.
743, 703, 1089, 938, 387, 571, 585, 340, 안녕하세요. 반갑습니다. 반갑습니다. 반갑습니다.
807, 673, 948, 1030, 502, 578, 591, 484, 누구세요.
723, 742, 852, 1077, 488, 615, 558, 524, 누구세요.
696, 776, 1094, 1069, 352, 527, 452, 401, 안녕하세요. 반갑습니다.
929, 962, 1155, 1161, 454, 661, 555, 403, 안녕하세요. 반갑습니다. 반갑습니다.
867, 885, 1230, 1268, 538, 653, 658, 425, 누구세요.
948, 842, 1121, 1120, 445, 603, 606, 565, 안녕하세요. 반갑습니다. 반갑습니다.
770, 863, 1091, 1042, 358, 605, 530, 352, 누구세요.
1044, 1153, 1398, 1245, 527, 640, 630, 588, 누구세요.
850, 870, 1032, 1145, 544, 624, 644, 504, 안녕하세요. 반갑습니다. 반갑습니다. 반갑습니다.
669, 751, 896, 952, 357, 522, 511, 290, 누구세요.
661, 662, 918, 987, 416, 578, 501, 403, 안녕하세요. 반갑습니다. 반갑습니다.
516, 630, 793, 873, 617, 738, 757, 630, 누구세요.
580, 515, 960, 846, 494, 559, 563, 460, 안녕하세요. 반갑습니다. 반갑습니다. 반갑습니다.
993, 857, 1070, 1270, 626, 750, 728, 579, 안녕하세요. 반갑습니다.
1057, 997, 1244, 1210, 632, 795, 770, 616, 누구세요.
1022, 1128, 1421, 1400, 558, 688, 627, 478, 안녕하세요. 반갑습니다.
796, 737, 1065, 992, 289, 508, 545, 324, 누구세요.
715, 856, 1034, 955, 552, 743, 699, 629, 안녕하세요. 반갑습니다.
967, 1017, 1259, 1106, 398, 614, 636, 468, 안녕하세요. 반갑습니다. 반갑습니다. 반갑습니다.
646, 671, 935, 834, 320, 453, 537, 362, 안녕하세요. 반갑습니다. 반갑습니다. 반갑습니다.
709, 648, 898, 1049, 452, 619, 607, 485, 누구세요.
724, 897, 963, 1045, 528, 581, 660, 467, 안녕하세요. 반갑습니다.
1037, 1103, 1160, 1299, 502, 660, 543, 531, 누구세요.
581, 519, 803, 946, 615, 710, 675, 537, 누구세요.
718, 743, 922, 980, 593, 696, 740, 546, 안녕하세요. 반갑습니다. 반갑습니다.
961, 950, 1199, 1134, 548, 732, 744, 528, 안녕하세요. 반갑습니다.
723, 553, 953, 867, 444, 579, 455, 431, 안녕하세요. 반갑습니다. 반갑습니다. 반갑습니다.
983, 1020, 1091, 1238, 537, 651, 628, 521, 안녕하세요. 반갑습니다. 반갑습니다.
1078, 983, 1331, 1350, 562, 640, 700, 519, 누구세요.
922, 854, 1139, 1122, 504, 610, 617, 408, 안녕하세요. 반갑습니다. 반갑습니다.
872, 752, 1083, 1114, 559, 669, 707, 566, 누구세요.
632, 653, 824, 848, 487, 512, 618, 396, 누구세요.
1019, 868, 1256, 1163, 591, 652, 653, 521, 안녕하세요. 반갑습니다.
797, 781, 1191, 1183, 495, 666, 655, 562, 안녕하세요. 반갑습니다. 반갑습니다. 반갑습니다.
1132, 1099, 1260, 1390, 419, 624, 638, 497, 안녕하세요. 반갑습니다.
1121, 1010, 1260, 1246, 574, 649, 690, 505, 누구세요.
921, 799, 1086, 1200, 449, 530, 627, 440, 누구세요.
618, 622, 901, 894, 325, 548, 483, 379, 안녕하세요. 반갑습니다. 반갑습니다. 반갑습니다.
719, 523, 785, 863, 567, 695, 655, 616, 안녕하세요. 반갑습니다. 반갑습니다.
812, 798, 1094, 1071, 466, 563, 685, 509, 안녕하세요. 반갑습니다.
715, 637, 900, 892, 390, 547, 506, 453, 안녕하세요. 반갑습니다. 반갑습니다. 반갑습니다.
1067, 970, 1215, 1235, 558, 700, 774, 645, 안녕하세요. 반갑습니다.
985, 1020, 1298, 1149, 613, 753, 797, 556, 안녕하세요. 반갑습니다.
1050, 1018, 1351, 1190, 523, 652, 576, 454, 안녕하세요. 반갑습니다. 반갑습니다.
996, 981, 1141, 1216, 529, 706, 684, 593, 누구세요.
672, 777, 863, 983, 468, 574, 686, 552, 안녕하세요. 반갑습니다. 반갑습니다.
1051, 980, 1330, 1296, 358, 542, 518, 400, 안녕하세요. 반갑습니다. 반갑습니다. 반갑습니다.
813, 685, 894, 948, 506, 701, 707, 511, 안녕하세요. 반갑습니다. 반갑습니다.
849, 771, 906, 1107, 389, 601, 568, 421, 안녕하세요. 반갑습니다. 반갑습니다. 반갑습니다.
